time,r00,r01,r02,r10,r11,r12,r20,r21,r22
4.800536346435546875e+01,1.000000000000000000e+00,0.000000000000000000e+00,0.000000000000000000e+00,0.000000000000000000e+00,1.000000000000000000e+00,0.000000000000000000e+00,0.000000000000000000e+00,0.000000000000000000e+00,1.000000000000000000e+00
4.803131103515625000e+01,9.997125267982482910e-01,-6.047923670848831534e-05,2.397617697715759277e-02,1.818989403545856476e-10,9.999968409538269043e-01,2.522456692531704903e-03,-2.397625148296356201e-02,-2.521731657907366753e-03,9.997093677520751953e-01
4.804549407958984375e+01,9.994822740554809570e-01,-2.761677606031298637e-04,3.216877579689025879e-02,1.455191522836685181e-11,9.999630451202392578e-01,8.584645576775074005e-03,-3.216996043920516968e-02,-8.580203168094158173e-03,9.994454383850097656e-01
4.808381652832031250e+01,9.990058541297912598e-01,-4.058192716911435127e-04,4.457620158791542053e-02,2.910383045673370361e-11,9.999585151672363281e-01,9.103567339479923248e-03,-4.457804933190345764e-02,-9.094516746699810028e-03,9.989644289016723633e-01
4.812223052978515625e+01,9.983717799186706543e-01,-3.681501839309930801e-04,5.704322829842567444e-02,1.746229827404022217e-10,9.999793171882629395e-01,6.453743204474449158e-03,-5.704441294074058533e-02,-6.443234160542488098e-03,9.983509778976440430e-01
4.813634872436523438e+01,9.981791377067565918e-01,-7.018828182481229305e-04,6.031454727053642273e-02,0.000000000000000000e+00,9.999322295188903809e-01,1.163625158369541168e-02,-6.031863018870353699e-02,-1.161506399512290955e-02,9.981115460395812988e-01
4.815175247192382812e+01,9.979940652847290039e-01,-1.175241079181432724e-03,6.329531967639923096e-02,-5.820766091346740723e-11,9.998276233673095703e-01,1.856438443064689636e-02,-6.330622732639312744e-02,-1.852714642882347107e-02,9.978221058845520020e-01
4.819009017944335938e+01,9.972691535949707031e-01,-1.038223039358854294e-03,7.384564727544784546e-02,5.820766091346740723e-11,9.999011754989624023e-01,1.405797712504863739e-02,-7.385294884443283081e-02,-1.401958614587783813e-02,9.971705675125122070e-01
4.822838211059570312e+01,9.964889287948608398e-01,-1.581024378538131714e-03,8.370906114578247070e-02,-2.328306436538696289e-10,9.998216629028320312e-01,1.888377219438552856e-02,-8.372399210929870605e-02,-1.881746947765350342e-02,9.963112473487854004e-01
4.824252700805664062e+01,9.962959885597229004e-01,-1.632258063182234764e-03,8.597440272569656372e-02,-2.910383045673370361e-10,9.998198151588439941e-01,1.898197643458843231e-02,-8.598989993333816528e-02,-1.891166903078556061e-02,9.961165189743041992e-01
4.825794219970703125e+01,9.961751103401184082e-01,-1.578044379130005836e-03,8.736969530582427979e-02,5.820766091346740723e-11,9.998373389244079590e-01,1.805874891579151154e-02,-8.738394081592559814e-02,-1.798966713249683380e-02,9.960126280784606934e-01
4.829626846313476562e+01,9.962889552116394043e-01,-2.481162548065185547e-03,8.603728562593460083e-02,5.820766091346740723e-10,9.995845556259155273e-01,2.882623672485351562e-02,-8.607304841279983521e-02,-2.871925756335258484e-02,9.958749413490295410e-01
4.833458709716796875e+01,9.970005154609680176e-01,-2.745663980022072792e-03,7.734687626361846924e-02,4.656612873077392578e-10,9.993705749511718750e-01,3.547570854425430298e-02,-7.739558815956115723e-02,-3.536929935216903687e-02,9.963729381561279297e-01
4.834891128540039062e+01,9.971323013305664062e-01,-2.788054291158914566e-03,7.562325149774551392e-02,-2.328306436538696289e-10,9.993208050727844238e-01,3.684265166521072388e-02,-7.567463070154190063e-02,-3.673700988292694092e-02,9.964553117752075195e-01
4.836415481567382812e+01,9.972045421600341797e-01,-2.862474648281931877e-03,7.466671615839004517e-02,0.000000000000000000e+00,9.992660880088806152e-01,3.830855339765548706e-02,-7.472156733274459839e-02,-3.820145875215530396e-02,9.964725375175476074e-01
4.840255737304687500e+01,9.970438480377197266e-01,-3.792630275711417198e-03,7.674225419759750366e-02,4.656612873077392578e-10,9.987811446189880371e-01,4.936012253165245056e-02,-7.683590799570083618e-02,-4.921420291066169739e-02,9.958285093307495117e-01
4.844087982177734375e+01,9.962060451507568359e-01,-4.226258490234613419e-03,8.692684769630432129e-02,4.656612873077392578e-10,9.988205432891845703e-01,4.856120422482490540e-02,-8.702953159809112549e-02,-4.837695136666297913e-02,9.950307607650756836e-01
4.845515060424804688e+01,9.958609938621520996e-01,-4.550680983811616898e-03,9.077869355678558350e-02,0.000000000000000000e+00,9.987461566925048828e-01,5.006653070449829102e-02,-9.089268743991851807e-02,-4.985929280519485474e-02,9.946120977401733398e-01
4.847053527832031250e+01,9.956014156341552734e-01,-4.746030084788799286e-03,9.357135742902755737e-02,0.000000000000000000e+00,9.987162947654724121e-01,5.065586045384407043e-02,-9.369163960218429565e-02,-5.043303593993186951e-02,9.943231940269470215e-01
4.850886917114257812e+01,9.953288435935974121e-01,-4.297471139580011368e-03,9.644840657711029053e-02,-4.656612873077392578e-10,9.990088939666748047e-01,4.451304301619529724e-02,-9.654410183429718018e-02,-4.430511221289634705e-02,9.943422675132751465e-01
4.850956726074218750e+01,9.953252077102661133e-01,-4.291717428714036942e-03,9.648422151803970337e-02,0.000000000000000000e+00,9.990121126174926758e-01,4.443709179759025574e-02,-9.657961875200271606e-02,-4.422936215996742249e-02,9.943420290946960449e-01
4.854778289794921875e+01,9.956277608871459961e-01,-4.988437052816152573e-03,9.327812492847442627e-02,4.656612873077392578e-10,9.985731840133666992e-01,5.340285971760749817e-02,-9.341141581535339355e-02,-5.316935852169990540e-02,9.942070245742797852e-01
4.856192779541015625e+01,9.957624673843383789e-01,-4.767915233969688416e-03,9.183946251869201660e-02,2.328306436538696289e-10,9.986551403999328613e-01,5.184593051671981812e-02,-9.196314215660095215e-02,-5.162622779607772827e-02,9.944232702255249023e-01
4.857734680175781250e+01,9.960364699363708496e-01,-4.606405273079872131e-03,8.883203566074371338e-02,2.328306436538696289e-10,9.986587166786193848e-01,5.178564786911010742e-02,-8.895139396190643311e-02,-5.158036947250366211e-02,9.947000145912170410e-01
4.857802963256835938e+01,9.960467219352722168e-01,-4.600167740136384964e-03,8.871584385633468628e-02,0.000000000000000000e+00,9.986587166786193848e-01,5.178327858448028564e-02,-8.883502334356307983e-02,-5.157854408025741577e-02,9.947103261947631836e-01
4.857863998413085938e+01,9.960556626319885254e-01,-4.594621714204549789e-03,8.861249685287475586e-02,0.000000000000000000e+00,9.986585378646850586e-01,5.178116261959075928e-02,-8.873152732849121094e-02,-5.157691240310668945e-02,9.947193861007690430e-01
4.857927322387695312e+01,9.960653185844421387e-01,-4.588899202644824982e-03,8.850584924221038818e-02,-2.328306436538696289e-10,9.986588358879089355e-01,5.177899822592735291e-02,-8.862473070621490479e-02,-5.157525464892387390e-02,9.947291612625122070e-01
4.857986450195312500e+01,9.960743188858032227e-01,-4.583559930324554443e-03,8.840630203485488892e-02,2.328306436538696289e-10,9.986590147018432617e-01,5.177699029445648193e-02,-8.852504938840866089e-02,-5.157370865345001221e-02,9.947382211685180664e-01
4.858048248291015625e+01,9.960834980010986328e-01,-4.578061401844024658e-03,8.830378204584121704e-02,2.328306436538696289e-10,9.986591935157775879e-01,5.177492275834083557e-02,-8.842238038778305054e-02,-5.157212540507316589e-02,9.947475194931030273e-01
4.858108901977539062e+01,9.960945844650268555e-01,-4.560918547213077545e-03,8.817457407712936401e-02,2.328306436538696289e-10,9.986648559570312500e-01,5.165693908929824829e-02,-8.829245716333389282e-02,-5.145519971847534180e-02,9.947646856307983398e-01
4.858171081542968750e+01,9.961064457893371582e-01,-4.543420858681201935e-03,8.804245293140411377e-02,2.328306436538696289e-10,9.986712336540222168e-01,5.153631046414375305e-02,-8.815960586071014404e-02,-5.133564397692680359e-02,9.947827458381652832e-01
4.858231735229492188e+01,9.961177706718444824e-01,-4.526577424257993698e-03,8.791503310203552246e-02,0.000000000000000000e+00,9.986771941184997559e-01,5.141998454928398132e-02,-8.803148567676544189e-02,-5.122035369277000427e-02,9.948000311851501465e-01
4.858306121826171875e+01,9.961317181587219238e-01,-4.505987279117107391e-03,8.775894343852996826e-02,-2.328306436538696289e-10,9.986845850944519043e-01,5.127750709652900696e-02,-8.787454664707183838e-02,-5.107914283871650696e-02,9.948212504386901855e-01
4.858366394042968750e+01,9.961429834365844727e-01,-4.489460028707981110e-03,8.763339370489120483e-02,0.000000000000000000e+00,9.986906647682189941e-01,5.116292834281921387e-02,-8.774831146001815796e-02,-5.096557736396789551e-02,9.948383569717407227e-01
4.858428192138671875e+01,9.961540102958679199e-01,-4.472693428397178650e-03,8.750578761100769043e-02,-2.328306436538696289e-10,9.986963272094726562e-01,5.104647576808929443e-02,-8.762001991271972656e-02,-5.085015296936035156e-02,9.948552846908569336e-01
4.858489990234375000e+01,9.961652755737304688e-01,-4.456019029021263123e-03,8.737864345312118530e-02,2.328306436538696289e-10,9.987022280693054199e-01,5.093047395348548889e-02,-8.749219030141830444e-02,-5.073516443371772766e-02,9.948724508285522461e-01
4.858550643920898438e+01,9.961763024330139160e-01,-4.439730662852525711e-03,8.725422620773315430e-02,0.000000000000000000e+00,9.987081289291381836e-01,5.081696063280105591e-02,-8.736710250377655029e-02,-5.062264949083328247e-02,9.948891997337341309e-01
4.858612060546875000e+01,9.961874485015869141e-01,-4.423342179507017136e-03,8.712881803512573242e-02,0.000000000000000000e+00,9.987139701843261719e-01,5.070255696773529053e-02,-8.724102377891540527e-02,-5.050923675298690796e-02,9.949061274528503418e-01
4.862437820434570312e+01,9.970932006835937500e-01,-2.744568511843681335e-03,7.613880187273025513e-02,1.164153218269348145e-10,9.993506669998168945e-01,3.602350503206253052e-02,-7.618825882673263550e-02,-3.591880202293395996e-02,9.964460134506225586e-01
4.866269302368164062e+01,9.974067211151123047e-01,-2.026923466473817825e-03,7.194576412439346313e-02,-1.164153218269348145e-10,9.996035695075988770e-01,2.816176600754261017e-02,-7.197431474924087524e-02,-2.808872796595096588e-02,9.970111250877380371e-01
4.867694854736328125e+01,9.974448680877685547e-01,-1.767718582414090633e-03,7.142382115125656128e-02,0.000000000000000000e+00,9.996942281723022461e-01,2.474213205277919769e-02,-7.144569605588912964e-02,-2.467890270054340363e-02,9.971395134925842285e-01
4.869235610961914062e+01,9.973510503768920898e-01,-1.410332042723894119e-03,7.271982729434967041e-02,-5.820766091346740723e-11,9.998116493225097656e-01,1.939040049910545349e-02,-7.273350656032562256e-02,-1.933904364705085754e-02,9.971635341644287109e-01
4.874118041992187500e+01,9.969390034675598145e-01,-1.280542928725481033e-03,7.817076891660690308e-02,8.731149137020111084e-10,9.998657107353210449e-01,1.637914218008518219e-02,-7.818125933408737183e-02,-1.632900722324848175e-02,9.968052506446838379e-01
4.877965164184570312e+01,9.969633817672729492e-01,-1.677656779065728188e-03,7.785621285438537598e-02,-4.074536263942718506e-10,9.997680783271789551e-01,2.154314890503883362e-02,-7.787428796291351318e-02,-2.147772535681724548e-02,9.967319965362548828e-01
4.879380416870117188e+01,9.970156550407409668e-01,-1.573744579218327999e-03,7.718404382467269897e-02,0.000000000000000000e+00,9.997922182083129883e-01,2.038526907563209534e-02,-7.720009237527847290e-02,-2.032443135976791382e-02,9.968084692955017090e-01
4.880922317504882812e+01,9.972808361053466797e-01,-1.308747800067067146e-03,7.368963956832885742e-02,0.000000000000000000e+00,9.998427629470825195e-01,1.775747351348400116e-02,-7.370126247406005859e-02,-1.770917885005474091e-02,9.971235990524291992e-01
4.884759521484375000e+01,9.984806776046752930e-01,-8.065195288509130478e-04,5.509632080793380737e-02,-5.820766091346740723e-11,9.998928308486938477e-01,1.463678851723670959e-02,-5.510222166776657104e-02,-1.461455039680004120e-02,9.983736872673034668e-01
4.888594055175781250e+01,9.991970658302307129e-01,-7.610386237502098083e-04,4.004941135644912720e-02,8.731149137020111084e-11,9.998191595077514648e-01,1.899905689060688019e-02,-4.005663841962814331e-02,-1.898380927741527557e-02,9.990167021751403809e-01
4.890021896362304688e+01,9.993151426315307617e-01,-8.078315295279026031e-04,3.700027614831924438e-02,-2.619344741106033325e-10,9.997619390487670898e-01,2.182793058454990387e-02,-3.700909018516540527e-02,-2.181297726929187775e-02,9.990770220756530762e-01
4.892610168457031250e+01,9.994255900382995605e-01,-7.837867015041410923e-04,3.388466686010360718e-02,-6.984919309616088867e-10,9.997327327728271484e-01,2.312484942376613617e-02,-3.389373421669006348e-02,-2.311156131327152252e-02,9.991583228111267090e-01
4.896457672119140625e+01,9.991536140441894531e-01,-1.120555098168551922e-03,4.113214462995529175e-02,-1.164153218269348145e-10,9.996296167373657227e-01,2.723271399736404419e-02,-4.114740341901779175e-02,-2.720965072512626648e-02,9.987830519676208496e-01
4.900292205810546875e+01,9.978870749473571777e-01,-9.671468869782984257e-04,6.496582180261611938e-02,-7.566995918750762939e-10,9.998892545700073242e-01,1.488537434488534927e-02,-6.497301906347274780e-02,-1.485392171889543533e-02,9.977765083312988281e-01
4.901720046997070312e+01,9.974765777587890625e-01,-8.214624831452965736e-04,7.099156081676483154e-02,8.731149137020111084e-11,9.999330639839172363e-01,1.157049462199211121e-02,-7.099631428718566895e-02,-1.154129765927791595e-02,9.974097609519958496e-01
4.903263473510742188e+01,9.972186684608459473e-01,-9.077503345906734467e-04,7.452407479286193848e-02,3.783497959375381470e-10,9.999256730079650879e-01,1.217972300946712494e-02,-7.452960312366485596e-02,-1.214584894478321075e-02,9.971446990966796875e-01
4.907102966308593750e+01,9.967555403709411621e-01,-2.114292234182357788e-03,8.046445250511169434e-02,-1.164153218269348145e-10,9.996553063392639160e-01,2.626704052090644836e-02,-8.049222826957702637e-02,-2.618180960416793823e-02,9.964116215705871582e-01
4.910939407348632812e+01,9.979193806648254395e-01,-2.224406693130731583e-03,6.443819403648376465e-02,-1.164153218269348145e-10,9.994048476219177246e-01,3.449945524334907532e-02,-6.447657942771911621e-02,-3.442766889929771423e-02,9.973253011703491211e-01
4.912372589111328125e+01,9.982995390892028809e-01,-2.069232286885380745e-03,5.826058238744735718e-02,0.000000000000000000e+00,9.993701577186584473e-01,3.549447283148765564e-02,-5.829731374979019165e-02,-3.543410822749137878e-02,9.976704716682434082e-01
4.913898849487304688e+01,9.987062811851501465e-01,-1.915367669425904751e-03,5.081343278288841248e-02,0.000000000000000000e+00,9.992902874946594238e-01,3.766736760735511780e-02,-5.084951594471931458e-02,-3.761864081025123596e-02,9.979975223541259766e-01
4.917744064331054688e+01,9.992057085037231445e-01,-1.440742518752813339e-03,3.982804343104362488e-02,4.074536263942718506e-10,9.993465542793273926e-01,3.615041822195053101e-02,-3.985409066081047058e-02,-3.612169623374938965e-02,9.985525608062744141e-01
4.921579742431640625e+01,9.994328618049621582e-01,-1.404216745868325233e-03,3.364970535039901733e-02,2.328306436538696289e-10,9.991306066513061523e-01,4.169414192438125610e-02,-3.367899358272552490e-02,-4.167048633098602295e-02,9.985637664794921875e-01
4.923007965087890625e+01,9.994516968727111816e-01,-1.529461937025189400e-03,3.307625278830528259e-02,-1.164153218269348145e-10,9.989326596260070801e-01,4.619112983345985413e-02,-3.311159834265708923e-02,-4.616579785943031311e-02,9.983848929405212402e-01
4.924546432495117188e+01,9.994373917579650879e-01,-1.744379755109548569e-03,3.350505605340003967e-02,1.164153218269348145e-10,9.986478686332702637e-01,5.199277028441429138e-02,-3.355043753981590271e-02,-5.196349695324897766e-02,9.980856180191040039e-01
4.924616622924804688e+01,9.994368553161621094e-01,-1.753394957631826401e-03,3.352263942360877991e-02,1.164153218269348145e-10,9.986353516578674316e-01,5.223340913653373718e-02,-3.356846049427986145e-02,-5.220397189259529114e-02,9.980725049972534180e-01
4.924675750732421875e+01,9.994343519210815430e-01,-1.765840454027056694e-03,3.358604013919830322e-02,0.000000000000000000e+00,9.986208081245422363e-01,5.250410363078117371e-02,-3.363242745399475098e-02,-5.247439816594123840e-02,9.980558753013610840e-01
4.924738311767578125e+01,9.994320869445800781e-01,-1.779074198566377163e-03,3.365324065089225769e-02,0.000000000000000000e+00,9.986056685447692871e-01,5.279115960001945496e-02,-3.370023146271705627e-02,-5.276117101311683655e-02,9.980384707450866699e-01
4.924797058105468750e+01,9.994299411773681641e-01,-1.791364746168255806e-03,3.371544554829597473e-02,5.820766091346740723e-11,9.985916018486022949e-01,5.305703356862068176e-02,-3.376300260424613953e-02,-5.302678421139717102e-02,9.980222582817077637e-01
4.924858856201171875e+01,9.994277358055114746e-01,-1.804398838430643082e-03,3.378120809793472290e-02,5.820766091346740723e-11,9.985766410827636719e-01,5.333824828267097473e-02,-3.382936120033264160e-02,-5.330771580338478088e-02,9.980050921440124512e-01
4.924917984008789062e+01,9.994256496429443359e-01,-1.816828269511461258e-03,3.384371474385261536e-02,5.820766091346740723e-11,9.985623359680175781e-01,5.360570177435874939e-02,-3.389244899153709412e-02,-5.357490107417106628e-02,9.979886412620544434e-01
4.924980545043945312e+01,9.994235634803771973e-01,-1.829914748668670654e-03,3.390932455658912659e-02,5.820766091346740723e-11,9.985473752021789551e-01,5.388654395937919617e-02,-3.395866230130195618e-02,-5.385546758770942688e-02,9.979714751243591309e-01
4.928799057006835938e+01,9.990940690040588379e-01,-2.677396871149539948e-03,4.247863218188285828e-02,1.164153218269348145e-10,9.980198740959167480e-01,6.290443986654281616e-02,-4.256292805075645447e-02,-6.284742802381515503e-02,9.971154332160949707e-01
4.932635879516601562e+01,9.985899925231933594e-01,-3.481277264654636383e-03,5.297385528683662415e-02,0.000000000000000000e+00,9.978477358818054199e-01,6.557545065879821777e-02,-5.308812484145164490e-02,-6.548297405242919922e-02,9.964405894279479980e-01
4.934051132202148438e+01,9.983729124069213867e-01,-3.797119483351707458e-03,5.689446255564689636e-02,1.164153218269348145e-10,9.977802634239196777e-01,6.659155339002609253e-02,-5.702103301882743835e-02,-6.648320704698562622e-02,9.961568117141723633e-01
4.935592269897460938e+01,9.980965852737426758e-01,-4.311205819249153137e-03,6.152268126606941223e-02,-2.328306436538696289e-10,9.975539445877075195e-01,6.990365684032440186e-02,-6.167354807257652283e-02,-6.977058947086334229e-02,9.956550002098083496e-01
4.939430618286132812e+01,9.978207945823669434e-01,-5.073407664895057678e-03,6.579405814409255981e-02,-2.328306436538696289e-10,9.970406889915466309e-01,7.688221335411071777e-02,-6.598936766386032104e-02,-7.671463489532470703e-02,9.948674440383911133e-01
4.943262481689453125e+01,9.979668855667114258e-01,-4.569184500724077225e-03,6.356997787952423096e-02,4.656612873077392578e-10,9.974268078804016113e-01,7.169149816036224365e-02,-6.373398005962371826e-02,-7.154574990272521973e-02,9.953989982604980469e-01
4.944692611694335938e+01,9.980362653732299805e-01,-4.224570002406835556e-03,6.250184774398803711e-02,4.656612873077392578e-10,9.977238178253173828e-01,6.743726134300231934e-02,-6.264445185661315918e-02,-6.730480492115020752e-02,9.957642555236816406e-01
4.946232604980468750e+01,9.981326460838317871e-01,-3.861074335873126984e-03,6.096473708748817444e-02,1.164153218269348145e-10,9.980006814002990723e-01,6.320628523826599121e-02,-6.108688190579414368e-02,-6.308823823928833008e-02,9.961368441581726074e-01
4.951118850708007812e+01,9.980978965759277344e-01,-2.667152788490056992e-03,6.159494817256927490e-02,1.047737896442413330e-09,9.990640282630920410e-01,4.326093941926956177e-02,-6.165266782045364380e-02,-4.317864030599594116e-02,9.971634745597839355e-01
4.954960250854492188e+01,9.977658390998840332e-01,-3.211639355868101120e-03,6.673499196767807007e-02,1.047737896442413330e-09,9.988442659378051758e-01,4.806962609291076660e-02,-6.681222468614578247e-02,-4.796221852302551270e-02,9.966124296188354492e-01
4.956387329101562500e+01,9.976927638053894043e-01,-3.421318484470248222e-03,6.781101226806640625e-02,2.328306436538696289e-10,9.987300634384155273e-01,5.038964748382568359e-02,-6.789726018905639648e-02,-5.027336627244949341e-02,9.964253306388854980e-01
4.957928085327148438e+01,9.978882670402526855e-01,-3.553507151082158089e-03,6.485705822706222534e-02,2.328306436538696289e-10,9.985024333000183105e-01,5.470777302980422974e-02,-6.495433300733566284e-02,-5.459224432706832886e-02,9.963938593864440918e-01
4.961762619018554688e+01,9.986882209777832031e-01,-2.794337924569845200e-03,5.112440511584281921e-02,2.328306436538696289e-10,9.985094666481018066e-01,5.457614734768867493e-02,-5.120071396231651306e-02,-5.450456216931343079e-02,9.971997737884521484e-01
4.965599060058593750e+01,9.990248084068298340e-01,-1.741842599585652351e-03,4.411400854587554932e-02,-1.164153218269348145e-10,9.992212057113647461e-01,3.945427760481834412e-02,-4.414838552474975586e-02,-3.941581025719642639e-02,9.982469081878662109e-01
4.967026519775390625e+01,9.990966320037841797e-01,-1.608380232937633991e-03,4.247394576668739319e-02,2.328306436538696289e-10,9.992841482162475586e-01,3.784033283591270447e-02,-4.250438883900642395e-02,-3.780613467097282410e-02,9.983810782432556152e-01
4.968568420410156250e+01,9.991112947463989258e-01,-1.475919620133936405e-03,4.212797805666923523e-02,0.000000000000000000e+00,9.993870258331298828e-01,3.501271456480026245e-02,-4.215382412075996399e-02,-3.498159348964691162e-02,9.984987378120422363e-01
4.972406387329101562e+01,9.992170929908752441e-01,-1.688287593424320221e-03,3.951858729124069214e-02,-1.746229827404022217e-10,9.990884065628051758e-01,4.268242046236991882e-02,-3.955463320016860962e-02,-4.264901950955390930e-02,9.983065128326416016e-01
4.976241683959960938e+01,9.991873502731323242e-01,-1.735461410135030746e-03,4.027491807937622070e-02,-5.820766091346740723e-11,9.990730881690979004e-01,4.305043816566467285e-02,-4.031229019165039062e-02,-4.301544278860092163e-02,9.982609748840332031e-01
4.977671813964843750e+01,9.991865754127502441e-01,-1.770918606780469418e-03,4.028186574578285217e-02,-1.164153218269348145e-10,9.990348219871520996e-01,4.392074793577194214e-02,-4.032077267765998840e-02,-4.388502985239028931e-02,9.982224106788635254e-01
4.979211425781250000e+01,9.991548061370849609e-01,-1.674974337220191956e-03,4.107531532645225525e-02,0.000000000000000000e+00,9.991697669029235840e-01,4.074426367878913879e-02,-4.110945388674736023e-02,-4.070981964468955994e-02,9.983251094818115234e-01
4.983043670654296875e+01,9.991461038589477539e-01,-1.271931687369942665e-03,4.129260405898094177e-02,1.746229827404022217e-10,9.995257854461669922e-01,3.078828193247318268e-02,-4.131219163537025452e-02,-3.076199628412723541e-02,9.986724257469177246e-01
4.986883926391601562e+01,9.988709092140197754e-01,-1.114691956900060177e-03,4.749274253845214844e-02,-2.328306436538696289e-10,9.997246265411376953e-01,2.346432581543922424e-02,-4.750582575798034668e-02,-2.343783527612686157e-02,9.985958933830261230e-01
4.988299560546875000e+01,9.987196922302246094e-01,-1.210035523399710655e-03,5.057039111852645874e-02,-5.820766091346740723e-11,9.997137784957885742e-01,2.392089925706386566e-02,-5.058486759662628174e-02,-2.389027364552021027e-02,9.984338879585266113e-01
4.989836502075195312e+01,9.985105991363525391e-01,-1.341127790510654449e-03,5.454297363758087158e-02,0.000000000000000000e+00,9.996978640556335449e-01,2.458103373646736145e-02,-5.455946177244186401e-02,-2.454442158341407776e-02,9.982088804244995117e-01
4.993672180175781250e+01,9.976550340652465820e-01,-1.048166304826736450e-03,6.842931360006332397e-02,5.820766091346740723e-11,9.998822808265686035e-01,1.531570311635732651e-02,-6.843734532594680786e-02,-1.527979504317045212e-02,9.975379705429077148e-01
4.997510910034179688e+01,9.969749450683593750e-01,-3.396030515432357788e-04,7.771974056959152222e-02,4.365574568510055542e-11,9.999902248382568359e-01,4.369542468339204788e-03,-7.772048562765121460e-02,-4.356325138360261917e-03,9.969654083251953125e-01
4.998938751220703125e+01,9.967487454414367676e-01,-9.366171434521675110e-05,8.057431131601333618e-02,-1.055013854056596756e-10,9.999994635581970215e-01,1.162427128292620182e-03,-8.057437092065811157e-02,-1.158647588454186916e-03,9.967480897903442383e-01
5.001530456542968750e+01,9.965548515319824219e-01,5.081138806417584419e-04,8.293538540601730347e-02,1.746229827404022217e-10,9.999812841415405273e-01,-6.126511376351118088e-03,-8.293693512678146362e-02,6.105403881520032883e-03,9.965361952781677246e-01
5.005374908447265625e+01,9.971185326576232910e-01,1.609823317267000675e-03,7.584272325038909912e-02,0.000000000000000000e+00,9.997748136520385742e-01,-2.122103236615657806e-02,-7.585979998111724854e-02,2.115988545119762421e-02,9.968939423561096191e-01
5.009209060668945312e+01,9.973017573356628418e-01,2.087583299726247787e-03,7.338320463895797729e-02,-2.328306436538696289e-10,9.995957612991333008e-01,-2.843619510531425476e-02,-7.341288775205612183e-02,2.835946530103683472e-02,9.968984723091125488e-01
5.010636138916015625e+01,9.973273873329162598e-01,2.216090913861989975e-03,7.302750647068023682e-02,0.000000000000000000e+00,9.995397925376892090e-01,-3.033201023936271667e-02,-7.306112349033355713e-02,3.025094792246818542e-02,9.968684911727905273e-01
5.012176132202148438e+01,9.973065853118896484e-01,2.322704531252384186e-03,7.331395149230957031e-02,-1.164153218269348145e-10,9.994989037513732910e-01,-3.166573122143745422e-02,-7.335074245929718018e-02,3.158042952418327332e-02,9.968064427375793457e-01
5.016012191772460938e+01,9.970005750656127930e-01,2.627903595566749573e-03,7.734809070825576782e-02,0.000000000000000000e+00,9.994232654571533203e-01,-3.395543619990348816e-02,-7.739271968603134155e-02,3.385359421372413635e-02,9.964256882667541504e-01
5.019845962524414062e+01,9.964692592620849609e-01,2.954304218292236328e-03,8.390615135431289673e-02,1.164153218269348145e-10,9.993806481361389160e-01,-3.518782556056976318e-02,-8.395814150571823120e-02,3.506358712911605835e-02,9.958521127700805664e-01
5.021272659301757812e+01,9.963212609291076660e-01,2.846137154847383499e-03,8.564810454845428467e-02,-1.164153218269348145e-10,9.994481801986694336e-01,-3.321225196123123169e-02,-8.569538593292236328e-02,3.309007734060287476e-02,9.957715868949890137e-01
5.022797775268554688e+01,9.962030649185180664e-01,2.763758180662989616e-03,8.701467514038085938e-02,0.000000000000000000e+00,9.994958639144897461e-01,-3.174597024917602539e-02,-8.705855906009674072e-02,3.162543475627899170e-02,9.957009553909301758e-01
5.027860260009765625e+01,9.966211318969726562e-01,1.579722389578819275e-03,8.211982250213623047e-02,1.164153218269348145e-10,9.998149275779724121e-01,-1.923323795199394226e-02,-8.213502168655395508e-02,1.916825398802757263e-02,9.964367747306823730e-01
5.031706237792968750e+01,9.965557456016540527e-01,1.213284442201256752e-03,8.291478455066680908e-02,5.820766091346740723e-11,9.998927712440490723e-01,-1.463134121149778366e-02,-8.292366564273834229e-02,1.458094920963048935e-02,9.964490532875061035e-01
5.033120346069335938e+01,9.964753389358520508e-01,1.013193745166063309e-03,8.388251066207885742e-02,0.000000000000000000e+00,9.999272227287292480e-01,-1.207784377038478851e-02,-8.388863503932952881e-02,1.203527115285396576e-02,9.964026212692260742e-01
5.034664535522460938e+01,9.963951706886291504e-01,8.621917804703116417e-04,8.483438193798065186e-02,0.000000000000000000e+00,9.999487996101379395e-01,-1.016271300613880157e-02,-8.483876287937164307e-02,1.012607291340827942e-02,9.963437318801879883e-01
5.038498687744140625e+01,9.970146417617797852e-01,6.143847713246941566e-04,7.721283286809921265e-02,-2.037268131971359253e-10,9.999685883522033691e-01,-7.956775836646556854e-03,-7.721527665853500366e-02,7.933019660413265228e-03,9.969831109046936035e-01
5.042337036132812500e+01,9.969593882560729980e-01,1.060484559275209904e-03,7.792099565267562866e-02,4.656612873077392578e-10,9.999078512191772461e-01,-1.360849011689424515e-02,-7.792820781469345093e-02,1.356710586696863174e-02,9.968670606613159180e-01
5.043763351440429688e+01,9.968338608741760254e-01,1.241910271346569061e-03,7.950503379106521606e-02,1.746229827404022217e-10,9.998782277107238770e-01,-1.561862044036388397e-02,-7.951473444700241089e-02,1.556916721165180206e-02,9.967122673988342285e-01
5.045301055908203125e+01,9.965766072273254395e-01,1.367579214274883270e-03,8.266600966453552246e-02,2.910383045673370361e-10,9.998634457588195801e-01,-1.654117368161678314e-02,-8.267731964588165283e-02,1.648454181849956512e-02,9.964402914047241211e-01
5.049134826660156250e+01,9.965421557426452637e-01,7.818102021701633930e-04,8.308628201484680176e-02,2.328306436538696289e-10,9.999558329582214355e-01,-9.409205056726932526e-03,-8.308996260166168213e-02,9.376668371260166168e-03,9.964980483055114746e-01
5.052967071533203125e+01,9.962142705917358398e-01,1.099082524888217449e-03,8.692208677530288696e-02,-9.313225746154785156e-10,9.999198913574218750e-01,-1.264343317598104477e-02,-8.692903071641921997e-02,1.259557064622640610e-02,9.961346983909606934e-01
5.054394531250000000e+01,9.960889816284179688e-01,1.345662632957100868e-03,8.834539353847503662e-02,5.820766091346740723e-11,9.998840093612670898e-01,-1.523007079958915710e-02,-8.835564553737640381e-02,1.517050527036190033e-02,9.959734678268432617e-01
5.055939865112304688e+01,9.960008263587951660e-01,1.608205493539571762e-03,8.933193981647491455e-02,4.074536263942718506e-10,9.998381733894348145e-01,-1.799966953694820404e-02,-8.934640884399414062e-02,1.792768202722072601e-02,9.958394169807434082e-01
5.059778213500976562e+01,9.965358972549438477e-01,2.395475283265113831e-03,8.312458544969558716e-02,-1.164153218269348145e-10,9.995846152305603027e-01,-2.880592085421085358e-02,-8.315909653902053833e-02,2.870614640414714813e-02,9.961223602294921875e-01
5.063613510131835938e+01,9.979287385940551758e-01,2.155614551156759262e-03,6.429268419742584229e-02,2.328306436538696289e-10,9.994384050369262695e-01,-3.350932523608207703e-02,-6.432880461215972900e-02,3.343991562724113464e-02,9.973683357238769531e-01
5.065041732788085938e+01,9.983937740325927734e-01,1.931118778884410858e-03,5.663177371025085449e-02,4.074536263942718506e-10,9.994196295738220215e-01,-3.407976776361465454e-02,-5.666469037532806396e-02,3.402501344680786133e-02,9.978138208389282227e-01
5.066565322875976562e+01,9.987888932228088379e-01,1.681620487943291664e-03,4.917601123452186584e-02,5.820766091346740723e-11,9.994159936904907227e-01,-3.417598083615303040e-02,-4.920475557446479797e-02,3.413458541035652161e-02,9.982054233551025391e-01
5.071460342407226562e+01,9.988467097282409668e-01,1.426942297257483006e-03,4.799914360046386719e-02,3.492459654808044434e-10,9.995587468147277832e-01,-2.971537970006465912e-02,-4.802034795284271240e-02,2.968109957873821259e-02,9.984055757522583008e-01
5.075309371948242188e+01,9.985474944114685059e-01,1.449671224690973759e-03,5.386167392134666443e-02,5.820766091346740723e-10,9.996381402015686035e-01,-2.690497785806655884e-02,-5.388117954134941101e-02,2.686589583754539490e-02,9.981859922409057617e-01
5.076723480224609375e+01,9.983727335929870605e-01,1.531094312667846680e-03,5.700899288058280945e-02,1.164153218269348145e-10,9.996397495269775391e-01,-2.684739045798778534e-02,-5.702954903244972229e-02,2.680369652807712555e-02,9.980128407478332520e-01
5.078253173828125000e+01,9.981452822685241699e-01,1.653743325732648373e-03,6.086068972945213318e-02,1.164153218269348145e-10,9.996314048767089844e-01,-2.716258354485034943e-02,-6.088315322995185852e-02,2.711219526827335358e-02,9.977769851684570312e-01
5.082098770141601562e+01,9.974045157432556152e-01,1.890473533421754837e-03,7.197402417659759521e-02,1.746229827404022217e-10,9.996550083160400391e-01,-2.625699713826179504e-02,-7.199884951114654541e-02,2.618885412812232971e-02,9.970606565475463867e-01
5.085939025878906250e+01,9.973087310791015625e-01,1.830393914133310318e-03,7.329873740673065186e-02,-5.238689482212066650e-10,9.996886849403381348e-01,-2.496391534805297852e-02,-7.332158088684082031e-02,2.489672228693962097e-02,9.969978928565979004e-01
5.087352752685546875e+01,9.973503947257995605e-01,1.780151855200529099e-03,7.272481173276901245e-02,5.820766091346740723e-11,9.997004866600036621e-01,-2.447058819234371185e-02,-7.274659723043441772e-02,2.440575323998928070e-02,9.970517754554748535e-01
5.088896942138671875e+01,9.974992871284484863e-01,1.708003692328929901e-03,7.065846771001815796e-02,-1.746229827404022217e-10,9.997081756591796875e-01,-2.416561171412467957e-02,-7.067910581827163696e-02,2.410517632961273193e-02,9.972079992294311523e-01
5.092729949951171875e+01,9.976779222488403320e-01,1.655024010688066483e-03,6.809076666831970215e-02,-2.910383045673370361e-10,9.997048974037170410e-01,-2.429896406829357147e-02,-6.811088323593139648e-02,2.424253709614276886e-02,9.973833560943603516e-01
5.096565246582031250e+01,9.977245330810546875e-01,1.725660637021064758e-03,6.740022450685501099e-02,1.746229827404022217e-10,9.996724128723144531e-01,-2.559480443596839905e-02,-6.742230802774429321e-02,2.553656324744224548e-02,9.973976612091064453e-01
5.097979736328125000e+01,9.977183938026428223e-01,1.739558414556086063e-03,6.749808788299560547e-02,-1.164153218269348145e-10,9.996685385704040527e-01,-2.576341666281223297e-02,-6.752049922943115234e-02,2.570462040603160858e-02,9.973871707916259766e-01
5.099530029296875000e+01,9.976478815078735352e-01,1.724722911603748798e-03,6.853063404560089111e-02,0.000000000000000000e+00,9.996838569641113281e-01,-2.515922114253044128e-02,-6.855233013629913330e-02,2.510003373026847839e-02,9.973320960998535156e-01
5.104416275024414062e+01,9.968438148498535156e-01,1.556397182866930962e-03,7.937516272068023682e-02,3.074342967011034489e-04,9.997248649597167969e-01,-2.346367388963699341e-02,-7.938982546329498291e-02,2.341401576995849609e-02,9.965688586235046387e-01
5.108258438110351562e+01,9.961085915565490723e-01,-9.251310257241129875e-04,8.812797814607620239e-02,3.169312141835689545e-03,9.996740221977233887e-01,-2.532850578427314758e-02,-8.807582408189773560e-02,2.550924941897392273e-02,9.957869648933410645e-01
5.109690093994140625e+01,9.960486292839050293e-01,-1.702160341665148735e-03,8.879631012678146362e-02,4.098846577107906342e-03,9.996322989463806152e-01,-2.681548334658145905e-02,-8.871798962354660034e-02,2.707348205149173737e-02,9.956890940666198730e-01
5.111214447021484375e+01,9.961350560188293457e-01,-1.965533243492245674e-03,8.781109750270843506e-02,4.512814804911613464e-03,9.995743036270141602e-01,-2.881955541670322418e-02,-8.771708607673645020e-02,2.910445071756839752e-02,9.957200288772583008e-01
5.115055084228515625e+01,9.961051940917968750e-01,-2.743911463767290115e-03,8.813261985778808594e-02,5.911089014261960983e-03,9.993454217910766602e-01,-3.569564223289489746e-02,-8.797696232795715332e-02,3.607756644487380981e-02,9.954691529273986816e-01
5.118890380859375000e+01,9.949899315834045410e-01,-9.127773344516754150e-03,9.956100583076477051e-02,1.306268386542797089e-02,9.991564154624938965e-01,-3.894260525703430176e-02,-9.912152588367462158e-02,4.004801809787750244e-02,9.942694902420043945e-01
5.120318222045898438e+01,9.946662783622741699e-01,-1.103176549077033997e-02,1.025539636611938477e-01,1.521673798561096191e-02,9.990792274475097656e-01,-4.011515155434608459e-02,-1.020169854164123535e-01,4.146172478795051575e-02,9.939182400703430176e-01
5.121844863891601562e+01,9.947100281715393066e-01,-1.198253314942121506e-02,1.020225659012794495e-01,1.633468642830848694e-02,9.989870786666870117e-01,-4.193073511123657227e-02,-1.014167740941047668e-01,4.337542504072189331e-02,9.938980937004089355e-01
5.125684738159179688e+01,9.952355027198791504e-01,-1.697318442165851593e-02,9.601182490587234497e-02,2.147763036191463470e-02,9.987069368362426758e-01,-4.607832804322242737e-02,-9.510558098554611206e-02,4.792089387774467468e-02,9.943131208419799805e-01
5.129525375366210938e+01,9.959592223167419434e-01,-2.143208868801593781e-02,8.721259236335754395e-02,2.564479969441890717e-02,9.985432624816894531e-01,-4.747370257973670959e-02,-8.606807887554168701e-02,4.951841756701469421e-02,9.950579404830932617e-01
5.130941772460937500e+01,9.962658286094665527e-01,-2.261705696582794189e-02,8.332421630620956421e-02,2.668352052569389343e-02,9.984900951385498047e-01,-4.801691323518753052e-02,-8.211239427328109741e-02,5.006099492311477661e-02,9.953650236129760742e-01
5.133544540405273438e+01,9.968553781509399414e-01,-2.414271235466003418e-02,7.547785341739654541e-02,2.781682834029197693e-02,9.984595179557800293e-01,-4.801185429096221924e-02,-7.420243322849273682e-02,4.996041953563690186e-02,9.959911108016967773e-01
5.137381362915039062e+01,9.965444803237915039e-01,-2.536342479288578033e-02,7.909161597490310669e-02,2.877573110163211823e-02,9.986900687217712402e-01,-4.230658710002899170e-02,-7.791497558355331421e-02,4.443632066249847412e-02,9.959690570831298828e-01
5.141212463378906250e+01,9.958261251449584961e-01,-2.537291869521141052e-02,8.767104148864746094e-02,2.870243042707443237e-02,9.989055395126342773e-01,-3.692759945988655090e-02,-8.663813769817352295e-02,3.928984329104423523e-02,9.954646229743957520e-01
5.142626953125000000e+01,9.956071972846984863e-01,-2.497435733675956726e-02,9.023600071668624878e-02,2.825421094894409180e-02,9.989788532257080078e-01,-3.525465354323387146e-02,-8.926340192556381226e-02,3.764933720231056213e-02,9.952961802482604980e-01
5.144178390502929688e+01,9.954227209091186523e-01,-2.413781359791755676e-02,9.247050434350967407e-02,2.732900902628898621e-02,9.990682005882263184e-01,-3.340087085962295532e-02,-9.157813340425491333e-02,3.577511757612228394e-02,9.951549172401428223e-01
5.147994995117187500e+01,9.953219294548034668e-01,-2.003636769950389862e-02,9.451507776975631714e-02,2.290895022451877594e-02,9.993051290512084961e-01,-2.940625697374343872e-02,-9.386018663644790649e-02,3.143392875790596008e-02,9.950891733169555664e-01
5.151834487915039062e+01,9.952344298362731934e-01,-1.497801020741462708e-02,9.635408222675323486e-02,1.753323897719383240e-02,9.995152354240417480e-01,-2.572733908891677856e-02,-9.592202305793762207e-02,2.729413285851478577e-02,9.950145483016967773e-01
5.153264236450195312e+01,9.952290654182434082e-01,-1.320257410407066345e-02,9.667163342237472534e-02,1.566265895962715149e-02,9.995716810226440430e-01,-2.473334968090057373e-02,-9.630364924669265747e-02,2.612947672605514526e-02,9.950093030929565430e-01
5.154804611206054688e+01,9.952748417854309082e-01,-1.114674005657434464e-02,9.645851701498031616e-02,1.350629609078168869e-02,9.996246695518493652e-01,-2.384361624717712402e-02,-9.615651518106460571e-02,2.503374218940734863e-02,9.950516223907470703e-01
5.158641815185546875e+01,9.961302280426025391e-01,-2.833936130627989769e-03,8.784043788909912109e-02,4.578892607241868973e-03,9.997957944869995117e-01,-1.966994255781173706e-02,-8.776678144931793213e-02,1.999604329466819763e-02,9.959400296211242676e-01
5.162472534179687500e+01,9.964756369590759277e-01,5.895928014069795609e-03,8.367651700973510742e-02,-4.465974401682615280e-03,9.998410344123840332e-01,-1.726596988737583160e-02,-8.376501500606536865e-02,1.683141849935054779e-02,9.963434934616088867e-01
5.163904190063476562e+01,9.965002536773681641e-01,8.827650919556617737e-03,8.312283456325531006e-02,-7.451439741998910904e-03,9.998302459716796875e-01,-1.685205847024917603e-02,-8.325748145580291748e-02,1.617369428277015686e-02,9.963968396186828613e-01
5.165430450439453125e+01,9.964140653610229492e-01,1.173746958374977112e-02,8.379619568586349487e-02,-1.036900095641613007e-02,9.998062849044799805e-01,-1.674749143421649933e-02,-8.397651463747024536e-02,1.581854932010173798e-02,9.963424801826477051e-01
