time,r00,r01,r02,r10,r11,r12,r20,r21,r22
9.402835083007812500e+01,1.000000000000000000e+00,0.000000000000000000e+00,0.000000000000000000e+00,0.000000000000000000e+00,1.000000000000000000e+00,0.000000000000000000e+00,0.000000000000000000e+00,0.000000000000000000e+00,1.000000000000000000e+00
9.406681823730468750e+01,9.998949170112609863e-01,-7.537435158155858517e-04,1.445255614817142487e-02,5.820766091346740723e-11,9.986424446105957031e-01,5.208215862512588501e-02,-1.447219774127006531e-02,-5.207670480012893677e-02,9.985378384590148926e-01
9.408111572265625000e+01,9.998542666435241699e-01,-8.375511970371007919e-04,1.706064119935035706e-02,-5.820766091346740723e-11,9.987972974777221680e-01,4.903355613350868225e-02,-1.708118617534637451e-02,-4.902640357613563538e-02,9.986515641212463379e-01
9.409665679931640625e+01,9.998151063919067383e-01,-9.599652839824557304e-04,1.922900602221488953e-02,-8.731149137020111084e-11,9.987566471099853516e-01,4.986069723963737488e-02,-1.925295218825340271e-02,-4.985145851969718933e-02,9.985715150833129883e-01
9.413507843017578125e+01,9.995729327201843262e-01,-1.548584783449769020e-03,2.919227816164493561e-02,-4.074536263942718506e-10,9.985962510108947754e-01,5.297329276800155640e-02,-2.923332341015338898e-02,-5.295065045356750488e-02,9.981694817543029785e-01
9.413588714599609375e+01,9.995691776275634766e-01,-1.556792063638567924e-03,2.932422235608100891e-02,0.000000000000000000e+00,9.985941648483276367e-01,5.301430076360702515e-02,-2.936551719903945923e-02,-5.299143493175506592e-02,9.981635212898254395e-01
9.413659667968750000e+01,9.995653629302978516e-01,-1.563983503729104996e-03,2.943969890475273132e-02,-1.164153218269348145e-10,9.985918402671813965e-01,5.305017530918121338e-02,-2.948121353983879089e-02,-5.302711576223373413e-02,9.981577992439270020e-01
9.413733673095703125e+01,9.995618462562561035e-01,-1.571370987221598625e-03,2.955818362534046173e-02,5.820766091346740723e-11,9.985898733139038086e-01,5.308699235320091248e-02,-2.959992177784442902e-02,-5.306373164057731628e-02,9.981523156166076660e-01
9.413805389404296875e+01,9.995584487915039062e-01,-1.578481751494109631e-03,2.967210114002227783e-02,0.000000000000000000e+00,9.985880255699157715e-01,5.312239006161689758e-02,-2.971405535936355591e-02,-5.309893563389778137e-02,9.981470704078674316e-01
9.413895416259765625e+01,9.995540976524353027e-01,-1.587376580573618412e-03,2.981441654264926910e-02,-1.164153218269348145e-10,9.985855817794799805e-01,5.316661298274993896e-02,-2.985664270818233490e-02,-5.314291268587112427e-02,9.981403946876525879e-01
9.413961791992187500e+01,9.995510578155517578e-01,-1.593916444107890129e-03,2.991892211139202118e-02,0.000000000000000000e+00,9.985839724540710449e-01,5.319909006357192993e-02,-2.996134944260120392e-02,-5.317520350217819214e-02,9.981356263160705566e-01
9.414031982421875000e+01,9.995478391647338867e-01,-1.600229996256530285e-03,3.003906644880771637e-02,0.000000000000000000e+00,9.985844492912292480e-01,5.319621041417121887e-02,-3.008166141808032990e-02,-5.317213758826255798e-02,9.981325268745422363e-01
9.414101409912109375e+01,9.995438456535339355e-01,-1.606379984878003597e-03,3.015611879527568817e-02,0.000000000000000000e+00,9.985842108726501465e-01,5.319337174296379089e-02,-3.019887395203113556e-02,-5.316911265254020691e-02,9.981287121772766113e-01
9.414164733886718750e+01,9.995406270027160645e-01,-1.612034393474459648e-03,3.026375547051429749e-02,-5.820766091346740723e-11,9.985843300819396973e-01,5.319076031446456909e-02,-3.030665963888168335e-02,-5.316632986068725586e-02,9.981256127357482910e-01
9.414231872558593750e+01,9.995375871658325195e-01,-1.617870409972965717e-03,3.037486970424652100e-02,0.000000000000000000e+00,9.985848665237426758e-01,5.318806692957878113e-02,-3.041792660951614380e-02,-5.316345766186714172e-02,9.981227517127990723e-01
9.414295959472656250e+01,9.995343685150146484e-01,-1.623516785912215710e-03,3.048238903284072876e-02,-1.164153218269348145e-10,9.985850453376770020e-01,5.318544059991836548e-02,-3.052559494972229004e-02,-5.316065251827239990e-02,9.981197118759155273e-01
9.414361572265625000e+01,9.995306730270385742e-01,-1.629176083952188492e-03,3.059017285704612732e-02,0.000000000000000000e+00,9.985847473144531250e-01,5.318278074264526367e-02,-3.063352406024932861e-02,-5.315782129764556885e-02,9.981161355972290039e-01
9.414425659179687500e+01,9.995273947715759277e-01,-1.634702086448669434e-03,3.069543093442916870e-02,0.000000000000000000e+00,9.985849261283874512e-01,5.318018794059753418e-02,-3.073892742395401001e-02,-5.315505713224411011e-02,9.981130361557006836e-01
9.418264770507812500e+01,9.990913271903991699e-01,-2.474776469171047211e-03,4.254964739084243774e-02,0.000000000000000000e+00,9.983128905296325684e-01,5.806396529078483582e-02,-4.262155294418334961e-02,-5.801120027899742126e-02,9.974057078361511230e-01
9.419692993164062500e+01,9.988372325897216797e-01,-2.703636884689331055e-03,4.813363403081893921e-02,-1.164153218269348145e-10,9.984261989593505859e-01,5.608098953962326050e-02,-4.820950329303741455e-02,-5.601578205823898315e-02,9.972652792930603027e-01
9.421226501464843750e+01,9.985281825065612793e-01,-3.323707263916730881e-03,5.414000898599624634e-02,1.164153218269348145e-10,9.981212615966796875e-01,6.127561628818511963e-02,-5.424193292856216431e-02,-6.118540465831756592e-02,9.966518282890319824e-01
9.425072479248046875e+01,9.979370832443237305e-01,-4.700363613665103912e-03,6.402932852506637573e-02,2.328306436538696289e-10,9.973164796829223633e-01,7.321252673864364624e-02,-6.420161575078964233e-02,-7.306148856878280640e-02,9.952589273452758789e-01
9.428924560546875000e+01,9.975736737251281738e-01,-5.061129108071327209e-03,6.943737715482711792e-02,2.328306436538696289e-10,9.973543882369995117e-01,7.269483804702758789e-02,-6.962158530950546265e-02,-7.251843810081481934e-02,9.949343204498291016e-01
9.430341339111328125e+01,9.975357055664062500e-01,-5.325751379132270813e-03,6.996482610702514648e-02,6.984919309616088867e-10,9.971158504486083984e-01,7.590084522962570190e-02,-7.016722857952117920e-02,-7.571376115083694458e-02,9.946582317352294922e-01
9.431879425048828125e+01,9.975923895835876465e-01,-5.410925019532442093e-03,6.913462281227111816e-02,4.656612873077392578e-10,9.969509243965148926e-01,7.802787423133850098e-02,-6.934604048728942871e-02,-7.784003019332885742e-02,9.945509433746337891e-01
9.435729217529296875e+01,9.979668259620666504e-01,-5.380204878747463226e-03,6.350968033075332642e-02,0.000000000000000000e+00,9.964309930801391602e-01,8.441237360239028931e-02,-6.373716145753860474e-02,-8.424074202775955200e-02,9.944049715995788574e-01
9.439578247070312500e+01,9.984945058822631836e-01,-5.280927754938602448e-03,5.460811778903007507e-02,2.328306436538696289e-10,9.953571557998657227e-01,9.625687450170516968e-02,-5.486287549138069153e-02,-9.611190110445022583e-02,9.938580393791198730e-01
9.442276763916015625e+01,9.986636638641357422e-01,-4.988248459994792938e-03,5.144095420837402344e-02,-2.328306436538696289e-10,9.953313469886779785e-01,9.651765227317810059e-02,-5.168224126100540161e-02,-9.638866782188415527e-02,9.940011501312255859e-01
9.443727874755859375e+01,9.987126588821411133e-01,-5.021669436246156693e-03,5.047968775033950806e-02,0.000000000000000000e+00,9.950885772705078125e-01,9.899041801691055298e-02,-5.072885006666183472e-02,-9.886296838521957397e-02,9.938073754310607910e-01
9.448757934570312500e+01,9.976173043251037598e-01,-8.350603282451629639e-03,6.848717480897903442e-02,4.656612873077392578e-10,9.926487207412719727e-01,1.210330873727798462e-01,-6.899439543485641479e-02,-1.207446753978729248e-01,9.902833104133605957e-01
9.452606201171875000e+01,9.960853457450866699e-01,-1.124837808310985565e-02,8.767901360988616943e-02,0.000000000000000000e+00,9.918710589408874512e-01,1.272475719451904297e-01,-8.839759230613708496e-02,-1.267494261264801025e-01,9.879881739616394043e-01
9.454039764404296875e+01,9.956297278404235840e-01,-1.221513189375400543e-02,9.258644282817840576e-02,4.656612873077392578e-10,9.914089441299438477e-01,1.307987421751022339e-01,-9.338875114917755127e-02,-1.302271038293838501e-01,9.870762228965759277e-01
9.455576324462890625e+01,9.952418208122253418e-01,-1.290585100650787354e-02,9.657813608646392822e-02,9.313225746154785156e-10,9.911893010139465332e-01,1.324537992477416992e-01,-9.743663668632507324e-02,-1.318235397338867188e-01,9.864729642868041992e-01
9.459427642822265625e+01,9.956082105636596680e-01,-1.244939956814050674e-02,9.279218316078186035e-02,0.000000000000000000e+00,9.911202192306518555e-01,1.329729259014129639e-01,-9.362359344959259033e-02,-1.323888599872589111e-01,9.867668747901916504e-01
9.463274383544921875e+01,9.960267543792724609e-01,-1.206334214657545090e-02,8.823540061712265015e-02,0.000000000000000000e+00,9.907832741737365723e-01,1.354576200246810913e-01,-8.905621618032455444e-02,-1.349193900823593140e-01,9.868465065956115723e-01
9.464704132080078125e+01,9.960010647773742676e-01,-1.200040057301521301e-02,8.853100240230560303e-02,4.656612873077392578e-10,9.909377098083496094e-01,1.343218535184860229e-01,-8.934062719345092773e-02,-1.337847262620925903e-01,9.869750738143920898e-01
9.466239166259765625e+01,9.960905313491821289e-01,-1.179224066436290741e-02,8.755207061767578125e-02,-4.656612873077392578e-10,9.910514950752258301e-01,1.334830373525619507e-01,-8.834263682365417480e-02,-1.329611390829086304e-01,9.871766567230224609e-01
9.470086669921875000e+01,9.967080950736999512e-01,-1.112923864275217056e-02,8.030509948730468750e-02,0.000000000000000000e+00,9.905328750610351562e-01,1.372749358415603638e-01,-8.107261359691619873e-02,-1.368230432271957397e-01,9.872722029685974121e-01
9.473936462402343750e+01,9.974776506423950195e-01,-1.041216868907213211e-02,7.021263986825942993e-02,-9.313225746154785156e-10,9.891823530197143555e-01,1.466906070709228516e-01,-7.098048180341720581e-02,-1.463206112384796143e-01,9.866873621940612793e-01
9.475354766845703125e+01,9.976724386215209961e-01,-1.021104864776134491e-02,6.741978973150253296e-02,4.656612873077392578e-10,9.887243509292602539e-01,1.497469991445541382e-01,-6.818865984678268433e-02,-1.493984609842300415e-01,9.864230155944824219e-01
9.476912689208984375e+01,9.978659749031066895e-01,-1.000449061393737793e-02,6.452381610870361328e-02,-9.313225746154785156e-10,9.881920218467712402e-01,1.532202959060668945e-01,-6.529481709003448486e-02,-1.528933346271514893e-01,9.860832095146179199e-01
9.480753326416015625e+01,9.979179501533508301e-01,-1.056444644927978516e-02,6.362687796354293823e-02,4.656612873077392578e-10,9.864944815635681152e-01,1.637950837612152100e-01,-6.449795514345169067e-02,-1.634540259838104248e-01,9.844404458999633789e-01
9.484603118896484375e+01,9.982169866561889648e-01,-1.068727113306522369e-02,5.872667580842971802e-02,0.000000000000000000e+00,9.838414192199707031e-01,1.790426373481750488e-01,-5.969120562076568604e-02,-1.787233948707580566e-01,9.820871353149414062e-01
9.486019897460937500e+01,9.983025193214416504e-01,-1.056900899857282639e-02,5.728117749094963074e-02,0.000000000000000000e+00,9.834008812904357910e-01,1.814482510089874268e-01,-5.824806913733482361e-02,-1.811401844024658203e-01,9.817311763763427734e-01
9.487577819824218750e+01,9.983369112014770508e-01,-1.001557707786560059e-02,5.677693709731101990e-02,-4.656612873077392578e-10,9.847953319549560547e-01,1.737200468778610229e-01,-5.765355750918388367e-02,-1.734310835599899292e-01,9.831572771072387695e-01
9.487650299072265625e+01,9.983384609222412109e-01,-9.992932900786399841e-03,5.675595998764038086e-02,4.656612873077392578e-10,9.848516583442687988e-01,1.734012514352798462e-01,-5.762896686792373657e-02,-1.731130629777908325e-01,9.832149147987365723e-01
9.487715911865234375e+01,9.983397722244262695e-01,-9.972665458917617798e-03,5.673716962337493896e-02,4.656612873077392578e-10,9.849019646644592285e-01,1.731157004833221436e-01,-5.760695040225982666e-02,-1.728282272815704346e-01,9.832663536071777344e-01
9.487782287597656250e+01,9.983408451080322266e-01,-9.952171705663204193e-03,5.671815946698188782e-02,0.000000000000000000e+00,9.849524497985839844e-01,1.728267520666122437e-01,-5.758467689156532288e-02,-1.725399643182754517e-01,9.833180308341979980e-01
9.487845611572265625e+01,9.983423352241516113e-01,-9.932657703757286072e-03,5.670005828142166138e-02,4.656612873077392578e-10,9.850010275840759277e-01,1.725513935089111328e-01,-5.756348371505737305e-02,-1.722652912139892578e-01,9.833677411079406738e-01
9.491679382324218750e+01,9.985696673393249512e-01,-8.518109098076820374e-03,5.278586968779563904e-02,-4.656612873077392578e-10,9.872287511825561523e-01,1.593101173639297485e-01,-5.346873775124549866e-02,-1.590822190046310425e-01,9.858165383338928223e-01
9.495536041259765625e+01,9.986706972122192383e-01,-7.373372092843055725e-03,5.101823806762695312e-02,-1.396983861923217773e-09,9.897174239158630371e-01,1.430381685495376587e-01,-5.154830217361450195e-02,-1.428479999303817749e-01,9.884015917778015137e-01
9.496967315673828125e+01,9.985473155975341797e-01,-7.341601885855197906e-03,5.338054150342941284e-02,-2.328306436538696289e-10,9.906744360923767090e-01,1.362507194280624390e-01,-5.388303101062774658e-02,-1.360527724027633667e-01,9.892352819442749023e-01
9.498519134521484375e+01,9.983595609664916992e-01,-7.899263873696327209e-03,5.670963972806930542e-02,0.000000000000000000e+00,9.904377460479736328e-01,1.379611641168594360e-01,-5.725715309381484985e-02,-1.377348452806472778e-01,9.888129234313964844e-01
9.502361297607421875e+01,9.971532821655273438e-01,-1.008017174899578094e-02,7.472302019596099854e-02,-4.656612873077392578e-10,9.910231828689575195e-01,1.336895227432250977e-01,-7.539986073970794678e-02,-1.333089470863342285e-01,9.882020950317382812e-01
9.506209564208984375e+01,9.965077042579650879e-01,-1.168466079980134964e-02,8.268076926469802856e-02,0.000000000000000000e+00,9.901612401008605957e-01,1.399321407079696655e-01,-8.350234478712081909e-02,-1.394434422254562378e-01,9.867031574249267578e-01
9.507642364501953125e+01,9.966641664505004883e-01,-1.085792668163776398e-02,8.089322596788406372e-02,0.000000000000000000e+00,9.911122322082519531e-01,1.330324113368988037e-01,-8.161867409944534302e-02,-1.325885653495788574e-01,9.878055453300476074e-01
9.509192657470703125e+01,9.970638751983642578e-01,-9.896302595734596252e-03,7.593581825494766235e-02,0.000000000000000000e+00,9.916146993637084961e-01,1.292317360639572144e-01,-7.657796889543533325e-02,-1.288522630929946899e-01,9.887029528617858887e-01
9.513037872314453125e+01,9.983590841293334961e-01,-6.547889672219753265e-03,5.689228326082229614e-02,2.328306436538696289e-10,9.934421777725219727e-01,1.143379881978034973e-01,-5.726785212755203247e-02,-1.141503378748893738e-01,9.918117523193359375e-01
9.513110351562500000e+01,9.983745813369750977e-01,-6.504651624709367752e-03,5.662249028682708740e-02,0.000000000000000000e+00,9.934663176536560059e-01,1.141269430518150330e-01,-5.699488520622253418e-02,-1.139414235949516296e-01,9.918513894081115723e-01
9.513172149658203125e+01,9.983879923820495605e-01,-6.467938423156738281e-03,5.639282613992691040e-02,2.328306436538696289e-10,9.934871196746826172e-01,1.139473393559455872e-01,-5.676253139972686768e-02,-1.137636229395866394e-01,9.918853044509887695e-01
9.513237762451171875e+01,9.984014034271240234e-01,-6.429277360439300537e-03,5.615037307143211365e-02,-2.328306436538696289e-10,9.935082793235778809e-01,1.137577593326568604e-01,-5.651725456118583679e-02,-1.135759353637695312e-01,9.919202923774719238e-01
9.513298797607421875e+01,9.984146952629089355e-01,-6.393677555024623871e-03,5.592659115791320801e-02,0.000000000000000000e+00,9.935288429260253906e-01,1.135828644037246704e-01,-5.629087239503860474e-02,-1.134027689695358276e-01,9.919534921646118164e-01
9.513375854492187500e+01,9.984236955642700195e-01,-6.363722961395978928e-03,5.577212199568748474e-02,0.000000000000000000e+00,9.935536384582519531e-01,1.133666560053825378e-01,-5.613400414586067200e-02,-1.131879016757011414e-01,9.919870495796203613e-01
9.518420410156250000e+01,9.987175464630126953e-01,-5.878028459846973419e-03,5.029003322124481201e-02,6.984919309616088867e-10,9.932385683059692383e-01,1.160922646522521973e-01,-5.063238739967346191e-02,-1.159433573484420776e-01,9.919646382331848145e-01
9.519844818115234375e+01,9.987494349479675293e-01,-5.846780724823474884e-03,4.965771734714508057e-02,6.984919309616088867e-10,9.931399226188659668e-01,1.169338971376419067e-01,-5.000073462724685669e-02,-1.167876273393630981e-01,9.918977022171020508e-01
9.521404266357421875e+01,9.986804723739624023e-01,-5.698470398783683777e-03,5.104423686861991882e-02,6.984919309616088867e-10,9.938264489173889160e-01,1.109486520290374756e-01,-5.136133357882499695e-02,-1.108022183179855347e-01,9.925147294998168945e-01
9.525242614746093750e+01,9.984525442123413086e-01,-5.721174180507659912e-03,5.531727522611618042e-02,2.328306436538696289e-10,9.946942925453186035e-01,1.028759852051734924e-01,-5.561234056949615479e-02,-1.027167811989784241e-01,9.931549429893493652e-01
9.529091644287109375e+01,9.989656805992126465e-01,-4.092925228178501129e-03,4.528905078768730164e-02,1.164153218269348145e-09,9.959412813186645508e-01,9.000655263662338257e-02,-4.547362402081489563e-02,-8.991345018148422241e-02,9.949110150337219238e-01
9.530509948730468750e+01,9.992095232009887695e-01,-3.554468043148517609e-03,3.959127888083457947e-02,-1.164153218269348145e-10,9.959939718246459961e-01,8.941940963268280029e-02,-3.975052013993263245e-02,-8.934873342514038086e-02,9.952067732810974121e-01
9.532067108154296875e+01,9.994407296180725098e-01,-2.931140363216400146e-03,3.331030532717704773e-02,3.492459654808044434e-10,9.961507320404052734e-01,8.765628188848495483e-02,-3.343902155756950378e-02,-8.760725706815719604e-02,9.955936670303344727e-01
9.535908508300781250e+01,9.999893903732299805e-01,-3.780707484111189842e-04,4.589458927512168884e-03,-4.656612873077392578e-10,9.966241121292114258e-01,8.210006356239318848e-02,-4.605004563927650452e-03,-8.209919929504394531e-02,9.966135025024414062e-01
9.539753723144531250e+01,9.997774958610534668e-01,1.587564358487725258e-03,-2.104367502033710480e-02,8.731149137020111084e-10,9.971665740013122559e-01,7.522767037153244019e-02,2.110347338020801544e-02,-7.521092146635055542e-02,9.969444870948791504e-01
9.541189575195312500e+01,9.996384382247924805e-01,2.009613672271370888e-03,-2.680562995374202728e-02,2.328306436538696289e-10,9.972013235092163086e-01,7.476003468036651611e-02,2.688085474073886871e-02,-7.473301887512207031e-02,9.968409538269042969e-01
9.542725372314453125e+01,9.995275735855102539e-01,2.282503526657819748e-03,-3.064525313675403595e-02,-1.164153218269348145e-10,9.972376227378845215e-01,7.427572458982467651e-02,3.073013760149478912e-02,-7.424064725637435913e-02,9.967666268348693848e-01
9.546572875976562500e+01,9.994561076164245605e-01,2.501476090401411057e-03,-3.287836536765098572e-02,-1.164153218269348145e-10,9.971181154251098633e-01,7.586348056793212891e-02,3.297339007258415222e-02,-7.582223415374755859e-02,9.965758919715881348e-01
9.550424194335937500e+01,9.997114539146423340e-01,1.544316764920949936e-03,-2.399211004376411438e-02,-4.074536263942718506e-10,9.979352951049804688e-01,6.423476338386535645e-02,2.404176071286201477e-02,-6.421619653701782227e-02,9.976468682289123535e-01
9.551853179931640625e+01,9.997764825820922852e-01,1.222901977598667145e-03,-2.110234461724758148e-02,5.820766091346740723e-11,9.983249306678771973e-01,5.785392969846725464e-02,2.113774977624416351e-02,-5.784100294113159180e-02,9.981018900871276855e-01
9.554633331298828125e+01,9.998510479927062988e-01,1.085287891328334808e-03,-1.723141223192214966e-02,0.000000000000000000e+00,9.980225563049316406e-01,6.285855919122695923e-02,1.726555451750755310e-02,-6.284918636083602905e-02,9.978737831115722656e-01
9.558483123779296875e+01,9.999365210533142090e-01,8.609172073192894459e-04,-1.119636651128530502e-02,1.280568540096282959e-09,9.970563650131225586e-01,7.666633278131484985e-02,1.122941728681325912e-02,-7.666150480508804321e-02,9.969935417175292969e-01
9.562328338623046875e+01,9.998908638954162598e-01,1.246382249519228935e-03,-1.472798176109790802e-02,4.074536263942718506e-10,9.964383244514465332e-01,8.432542532682418823e-02,1.478062570095062256e-02,-8.431621640920639038e-02,9.963294863700866699e-01
9.563756561279296875e+01,9.998703002929687500e-01,1.378962071612477303e-03,-1.605093106627464294e-02,-2.328306436538696289e-10,9.963299632072448730e-01,8.559633791446685791e-02,1.611005514860153198e-02,-8.558523654937744141e-02,9.962006807327270508e-01
9.565306091308593750e+01,9.999066591262817383e-01,1.127616735175251961e-03,-1.361262239515781403e-02,0.000000000000000000e+00,9.965866208076477051e-01,8.255335688591003418e-02,1.365924626588821411e-02,-8.254565298557281494e-02,9.964936375617980957e-01
9.569146728515625000e+01,9.999986290931701660e-01,-1.387230877298861742e-04,1.760349259711802006e-03,-5.093170329928398132e-11,9.969094991683959961e-01,7.856076955795288086e-02,-1.765806809999048710e-03,-7.856065034866333008e-02,9.969079494476318359e-01
9.572998046875000000e+01,9.998816847801208496e-01,-1.183762564323842525e-03,1.533410884439945221e-02,0.000000000000000000e+00,9.970334172248840332e-01,7.696899771690368652e-02,-1.537973247468471527e-02,-7.695989310741424561e-02,9.969155192375183105e-01
9.574415588378906250e+01,9.997978210449218750e-01,-1.562440069392323494e-03,2.004745788872241974e-02,-1.164153218269348145e-10,9.969766736030578613e-01,7.770144194364547729e-02,-2.010825090110301971e-02,-7.768573611974716187e-02,9.967750906944274902e-01
9.575966644287109375e+01,9.996826052665710449e-01,-2.070051617920398712e-03,2.511754259467124939e-02,-1.164153218269348145e-10,9.966213703155517578e-01,8.213612437248229980e-02,-2.520269900560379028e-02,-8.211003243923187256e-02,9.963048100471496582e-01
9.581170654296875000e+01,9.990996718406677246e-01,-3.462926018983125687e-03,4.229760169982910156e-02,8.149072527885437012e-10,9.966659545898437500e-01,8.159750699996948242e-02,-4.243911802768707275e-02,-8.152399957180023193e-02,9.957680106163024902e-01
9.585031890869140625e+01,9.989175200462341309e-01,-3.681309754028916359e-03,4.637426882982254028e-02,0.000000000000000000e+00,9.968641400337219238e-01,7.913364470005035400e-02,-4.652015864849090576e-02,-7.904797792434692383e-02,9.957848787307739258e-01
9.586465454101562500e+01,9.988713860511779785e-01,-3.758180886507034302e-03,4.735001921653747559e-02,3.492459654808044434e-10,9.968650937080383301e-01,7.912138849496841431e-02,-4.749892652034759521e-02,-7.903208583593368530e-02,9.957399368286132812e-01
9.588014984130859375e+01,9.988760948181152344e-01,-3.971395548433065414e-03,4.723002016544342041e-02,0.000000000000000000e+00,9.964833259582519531e-01,8.379055559635162354e-02,-4.739669710397720337e-02,-8.369638025760650635e-02,9.953634142875671387e-01
9.591857910156250000e+01,9.989220499992370605e-01,-4.325457848608493805e-03,4.622123762965202332e-02,2.328306436538696289e-10,9.956499934196472168e-01,9.317451715469360352e-02,-4.642318561673164368e-02,-9.307406842708587646e-02,9.945765137672424316e-01
9.597296142578125000e+01,9.991565346717834473e-01,-3.658792003989219666e-03,4.089891910552978516e-02,1.164153218269348145e-10,9.960223436355590820e-01,8.910353481769561768e-02,-4.106225073337554932e-02,-8.902838826179504395e-02,9.951822757720947266e-01
9.598731994628906250e+01,9.992283582687377930e-01,-3.511445131152868271e-03,3.912872821092605591e-02,1.164153218269348145e-10,9.959977865219116211e-01,8.938167244195938110e-02,-3.928597271442413330e-02,-8.931266516447067261e-02,9.952288866043090820e-01
9.600285339355468750e+01,9.993212223052978516e-01,-3.407426644116640091e-03,3.668971732258796692e-02,1.164153218269348145e-10,9.957154393196105957e-01,9.247350692749023438e-02,-3.684760257601737976e-02,-9.241071343421936035e-02,9.950392246246337891e-01
9.604125213623046875e+01,9.994920492172241211e-01,-2.332100179046392441e-03,3.178700804710388184e-02,0.000000000000000000e+00,9.973195791244506836e-01,7.316979765892028809e-02,-3.187244385480880737e-02,-7.313261926174163818e-02,9.968128800392150879e-01
9.607975006103515625e+01,9.997643232345581055e-01,-1.356158871203660965e-03,2.165349759161472321e-02,5.820766091346740723e-11,9.980441927909851074e-01,6.250751763582229614e-02,-2.169592492282390594e-02,-6.249280646443367004e-02,9.978092908859252930e-01
9.609407043457031250e+01,9.998294115066528320e-01,-1.131402445025742054e-03,1.843818277120590210e-02,0.000000000000000000e+00,9.981226921081542969e-01,6.124674156308174133e-02,-1.847286149859428406e-02,-6.123628839850425720e-02,9.979524016380310059e-01
9.610940551757812500e+01,9.998590350151062012e-01,-1.052386593073606491e-03,1.674724556505680084e-02,5.820766091346740723e-11,9.980312585830688477e-01,6.271567940711975098e-02,-1.678027771413326263e-02,-6.270684301853179932e-02,9.978907108306884766e-01
9.614788818359375000e+01,9.997087717056274414e-01,-1.367559656500816345e-03,2.410561218857765198e-02,-9.895302355289459229e-10,9.983949065208435059e-01,5.664096772670745850e-02,-2.414437383413314819e-02,-5.662445724010467529e-02,9.981038570404052734e-01
9.618634033203125000e+01,9.995813369750976562e-01,-1.541357603855431080e-03,2.890329435467720032e-02,-2.328306436538696289e-10,9.985814094543457031e-01,5.325243994593620300e-02,-2.894436568021774292e-02,-5.323012545704841614e-02,9.981630444526672363e-01
9.620064544677734375e+01,9.995507001876831055e-01,-1.557361800223588943e-03,2.994397655129432678e-02,0.000000000000000000e+00,9.986506104469299316e-01,5.193899199366569519e-02,-2.998444810509681702e-02,-5.191564187407493591e-02,9.982015490531921387e-01
9.621616363525390625e+01,9.995149374008178711e-01,-1.596523099578917027e-03,3.109844215214252472e-02,0.000000000000000000e+00,9.986847043037414551e-01,5.127019807696342468e-02,-3.113939426839351654e-02,-5.124533548951148987e-02,9.982003569602966309e-01
9.625460052490234375e+01,9.991935491561889648e-01,-2.447553677484393120e-03,4.007111117243766785e-02,-2.328306436538696289e-10,9.981395602226257324e-01,6.096663698554039001e-02,-4.014578834176063538e-02,-6.091748550534248352e-02,9.973348975181579590e-01
9.629308319091796875e+01,9.987482428550720215e-01,-3.814297728240489960e-03,4.987860098481178284e-02,3.492459654808044434e-10,9.970890283584594727e-01,7.624900341033935547e-02,-5.002423003315925598e-02,-7.615354657173156738e-02,9.958407282829284668e-01
9.630739593505859375e+01,9.986456632614135742e-01,-4.065207205712795258e-03,5.187222361564636230e-02,0.000000000000000000e+00,9.969434142112731934e-01,7.813008874654769897e-02,-5.203127115964889526e-02,-7.802426069974899292e-02,9.955930113792419434e-01
9.632277679443359375e+01,9.985928535461425781e-01,-4.347166046500205994e-03,5.285080894827842712e-02,0.000000000000000000e+00,9.966341853141784668e-01,8.197669684886932373e-02,-5.302929505705833435e-02,-8.186134696006774902e-02,9.952318668365478516e-01
9.636124420166015625e+01,9.992431402206420898e-01,-3.307915292680263519e-03,3.876192867755889893e-02,0.000000000000000000e+00,9.963784813880920410e-01,8.503023535013198853e-02,-3.890281915664672852e-02,-8.496586233377456665e-02,9.956242442131042480e-01
9.636197662353515625e+01,9.992526173591613770e-01,-3.289336338639259338e-03,3.852030262351036072e-02,0.000000000000000000e+00,9.963741302490234375e-01,8.508264273405075073e-02,-3.866049274802207947e-02,-8.501902967691421509e-02,9.956292510032653809e-01
9.636260223388671875e+01,9.992604851722717285e-01,-3.273496171459555626e-03,3.831454738974571228e-02,0.000000000000000000e+00,9.963701963424682617e-01,8.512729406356811523e-02,-3.845413401722908020e-02,-8.506433665752410889e-02,9.956333041191101074e-01
9.636325073242187500e+01,9.992687702178955078e-01,-3.257099073380231857e-03,3.810179233551025391e-02,0.000000000000000000e+00,9.963663220405578613e-01,8.517351746559143066e-02,-3.824075311422348022e-02,-8.511121571063995361e-02,9.956375360488891602e-01
9.636386871337890625e+01,9.992761015892028809e-01,-3.241508267819881439e-03,3.789972886443138123e-02,1.164153218269348145e-10,9.963622093200683594e-01,8.521740883588790894e-02,-3.803809359669685364e-02,-8.515573292970657349e-02,9.956411123275756836e-01
9.636451721191406250e+01,9.992846250534057617e-01,-3.225111402571201324e-03,3.768744692206382751e-02,0.000000000000000000e+00,9.963586330413818359e-01,8.526360243558883667e-02,-3.782519325613975525e-02,-8.520258218050003052e-02,9.956456422805786133e-01
9.636513519287109375e+01,9.992921352386474609e-01,-3.209619317203760147e-03,3.748710453510284424e-02,1.164153218269348145e-10,9.963548779487609863e-01,8.530718833208084106e-02,-3.762425482273101807e-02,-8.524679392576217651e-02,9.956494569778442383e-01
9.636577606201171875e+01,9.993001222610473633e-01,-3.193497657775878906e-03,3.727884590625762939e-02,-1.164153218269348145e-10,9.963511228561401367e-01,8.535254746675491333e-02,-3.741538524627685547e-02,-8.529277890920639038e-02,9.956534504890441895e-01
9.636640167236328125e+01,9.993101954460144043e-01,-3.170743118971586227e-03,3.700802102684974670e-02,1.164153218269348145e-10,9.963500499725341797e-01,8.536446094512939453e-02,-3.714359924197196960e-02,-8.530555665493011475e-02,9.956625103950500488e-01
9.636716461181640625e+01,9.993224143981933594e-01,-3.143069101497530937e-03,3.667873889207839966e-02,2.328306436538696289e-10,9.963487982749938965e-01,8.537895977497100830e-02,-3.681316226720809937e-02,-8.532108366489410400e-02,9.956734776496887207e-01
9.636776733398437500e+01,9.993315339088439941e-01,-3.121284767985343933e-03,3.641962632536888123e-02,-3.492459654808044434e-10,9.963474273681640625e-01,8.539035171270370483e-02,-3.655313327908515930e-02,-8.533328026533126831e-02,9.956815242767333984e-01
9.636840057373046875e+01,9.993416666984558105e-01,-3.098425455391407013e-03,3.614779561758041382e-02,1.164153218269348145e-10,9.963465332984924316e-01,8.540231734514236450e-02,-3.628034144639968872e-02,-8.534609526395797729e-02,9.956905841827392578e-01
9.636904144287109375e+01,9.993518590927124023e-01,-3.075397573411464691e-03,3.587403520941734314e-02,0.000000000000000000e+00,9.963458180427551270e-01,8.541439473628997803e-02,-3.600561991333961487e-02,-8.535900712013244629e-02,9.956997632980346680e-01
9.640740203857421875e+01,9.998341202735900879e-01,-1.571780303493142128e-03,1.815827749669551849e-02,-3.492459654808044434e-10,9.962748289108276367e-01,8.623753488063812256e-02,-1.822617836296558380e-02,-8.622321486473083496e-02,9.961093068122863770e-01
9.642156982421875000e+01,9.999194145202636719e-01,-1.093695405870676041e-03,1.267773937433958054e-02,-1.746229827404022217e-10,9.962998628616333008e-01,8.594976365566253662e-02,-1.272482704371213913e-02,-8.594280481338500977e-02,9.962192177772521973e-01
9.643715667724609375e+01,9.999690055847167969e-01,-6.724754348397254944e-04,7.888918742537498474e-03,-5.820766091346740723e-11,9.963868260383605957e-01,8.493503928184509277e-02,-7.917528972029685974e-03,-8.493237197399139404e-02,9.963555932044982910e-01
9.647556304931640625e+01,9.999998807907104492e-01,-5.119012712384574115e-05,6.531180697493255138e-04,-9.749783203005790710e-10,9.969425201416015625e-01,7.813990861177444458e-02,-6.551211117766797543e-04,-7.813989371061325073e-02,9.969422817230224609e-01
9.651399993896484375e+01,9.999641180038452148e-01,6.047611823305487633e-04,-8.482505567371845245e-03,-1.309672370553016663e-09,9.974684715270996094e-01,7.111445814371109009e-02,8.504035882651805878e-03,-7.111188024282455444e-02,9.974324107170104980e-01
9.652825927734375000e+01,9.999368786811828613e-01,7.880597840994596481e-04,-1.120016444474458694e-02,2.619344741106033325e-10,9.975336790084838867e-01,7.018794119358062744e-02,1.122785452753305435e-02,-7.018351554870605469e-02,9.974707961082458496e-01
9.655783081054687500e+01,9.999428391456604004e-01,7.475101738236844540e-04,-1.066271774470806122e-02,-8.149072527885437012e-10,9.975516200065612793e-01,6.993331015110015869e-02,1.068888790905475616e-02,-6.992931663990020752e-02,9.974946379661560059e-01
9.659632873535156250e+01,9.998704195022583008e-01,1.035669120028614998e-03,-1.608279719948768616e-02,-5.238689482212066650e-10,9.979333281517028809e-01,6.426295638084411621e-02,1.611610874533653259e-02,-6.425461173057556152e-02,9.978036880493164062e-01
9.663484191894531250e+01,9.997734427452087402e-01,1.210154732689261436e-03,-2.124583534896373749e-02,4.074536263942718506e-10,9.983816146850585938e-01,5.686746537685394287e-02,2.128027193248271942e-02,-5.685459077358245850e-02,9.981555342674255371e-01
9.664914703369140625e+01,9.997368454933166504e-01,1.247958163730800152e-03,-2.291988395154476166e-02,-1.164153218269348145e-10,9.985212683677673340e-01,5.436819046735763550e-02,2.295383252203464508e-02,-5.435386300086975098e-02,9.982581734657287598e-01
9.666447448730468750e+01,9.997013211250305176e-01,1.249456079676747322e-03,-2.441739290952682495e-02,5.820766091346740723e-11,9.986935853958129883e-01,5.110388249158859253e-02,2.444934099912643433e-02,-5.108860880136489868e-02,9.983950257301330566e-01
9.670310211181640625e+01,9.996302723884582520e-01,1.284715952351689339e-03,-2.715786360204219818e-02,1.746229827404022217e-10,9.988829493522644043e-01,4.725265130400657654e-02,2.718823216855525970e-02,-4.723518714308738708e-02,9.985136389732360840e-01
9.675787353515625000e+01,9.999408125877380371e-01,4.537213244475424290e-04,-1.088444050401449203e-02,1.455191522836685181e-11,9.991324543952941895e-01,4.164915159344673157e-02,1.089389342814683914e-02,-4.164667800068855286e-02,9.990731477737426758e-01
9.677224731445312500e+01,9.999801516532897949e-01,2.592949313111603260e-04,-6.344578228890895844e-03,-1.455191522836685181e-11,9.991662502288818359e-01,4.083465039730072021e-02,6.349874660372734070e-03,-4.083383083343505859e-02,9.991461038589477539e-01
9.678781890869140625e+01,1.000000119209289551e+00,1.866432467068079859e-05,-4.498824127949774265e-04,-2.546585164964199066e-11,9.991407394409179688e-01,4.145140945911407471e-02,4.502694355323910713e-04,-4.145140200853347778e-02,9.991406202316284180e-01
9.682629394531250000e+01,9.998871088027954102e-01,-7.091711158864200115e-04,1.501264981925487518e-02,1.746229827404022217e-10,9.988862276077270508e-01,4.718560725450515747e-02,-1.502939127385616302e-02,-4.718028008937835693e-02,9.987733960151672363e-01
9.686476135253906250e+01,9.999222159385681152e-01,-6.230507278814911842e-04,1.247663889080286026e-02,1.455191522836685181e-10,9.987556934356689453e-01,4.987522587180137634e-02,-1.249218638986349106e-02,-4.987133666872978210e-02,9.986777901649475098e-01
9.687911224365234375e+01,9.999521374702453613e-01,-4.988641012459993362e-04,9.809502400457859039e-03,-2.619344741106033325e-10,9.987097382545471191e-01,5.078958347439765930e-02,-9.822179563343524933e-03,-5.078713223338127136e-02,9.986615777015686035e-01
9.689443969726562500e+01,9.999910593032836914e-01,-2.193668624386191368e-04,4.213230218738317490e-03,3.637978807091712952e-11,9.986472725868225098e-01,5.199574679136276245e-02,-4.218937363475561142e-03,-5.199528485536575317e-02,9.986383914947509766e-01
9.693295288085937500e+01,9.999510049819946289e-01,5.232349503785371780e-04,-9.844594635069370270e-03,-5.820766091346740723e-11,9.985901713371276855e-01,5.307453870773315430e-02,9.858489967882633209e-03,-5.307196080684661865e-02,9.985416531562805176e-01
9.697135925292968750e+01,9.999127984046936035e-01,7.073103333823382854e-04,-1.319774799048900604e-02,-2.328306436538696289e-10,9.985671043395996094e-01,5.351644754409790039e-02,1.321668736636638641e-02,-5.351177603006362915e-02,9.984799027442932129e-01
9.698569488525390625e+01,9.999403357505798340e-01,5.881076795049011707e-04,-1.091506518423557281e-02,-1.164153218269348145e-10,9.985517263412475586e-01,5.380231514573097229e-02,1.093089766800403595e-02,-5.379910394549369812e-02,9.984920620918273926e-01
9.700105285644531250e+01,9.999760985374450684e-01,3.737992956303060055e-04,-6.905303802341222763e-03,7.275957614183425903e-11,9.985380768775939941e-01,5.405307188630104065e-02,6.915413308888673782e-03,-5.405178293585777283e-02,9.985141754150390625e-01
9.703957366943359375e+01,9.999577403068542480e-01,-2.750685904175043106e-03,8.784045465290546417e-03,2.273201011121273041e-03,9.985431432723999023e-01,5.391290783882141113e-02,-8.919545449316501617e-03,-5.389065295457839966e-02,9.985070824623107910e-01
9.707807159423828125e+01,9.997490644454956055e-01,-6.345652043819427490e-03,2.150087058544158936e-02,5.161085166037082672e-03,9.984893798828125000e-01,5.470829084515571594e-02,-2.181554213166236877e-02,-5.458357557654380798e-02,9.982712268829345703e-01
9.709223937988281250e+01,9.996920824050903320e-01,-8.272987790405750275e-03,2.340736798942089081e-02,6.956547964364290237e-03,9.984195232391357422e-01,5.577329546213150024e-02,-2.383177913725376129e-02,-5.559326708316802979e-02,9.981693625450134277e-01
9.710762786865234375e+01,9.996691346168518066e-01,-1.016869768500328064e-02,2.361840568482875824e-02,8.812472224235534668e-03,9.983446002006530762e-01,5.683310702443122864e-02,-2.415723167359828949e-02,-5.660617724061012268e-02,9.981040954589843750e-01
9.710839843750000000e+01,9.996683001518249512e-01,-1.026379782706499100e-02,2.362894639372825623e-02,8.905562572181224823e-03,9.983411431312561035e-01,5.688628926873207092e-02,-2.417361363768577576e-02,-5.665698274970054626e-02,9.981011748313903809e-01
9.710907745361328125e+01,9.996673464775085449e-01,-1.034756284207105637e-02,2.363821864128112793e-02,8.987556211650371552e-03,9.983378648757934570e-01,5.693313106894493103e-02,-2.418804168701171875e-02,-5.670172348618507385e-02,9.980984330177307129e-01
9.710973358154296875e+01,9.996662735939025879e-01,-1.042812690138816833e-02,2.364713512361049652e-02,9.066414088010787964e-03,9.983345270156860352e-01,5.697817355394363403e-02,-2.420192025601863861e-02,-5.674474686384201050e-02,9.980956315994262695e-01
9.711038208007812500e+01,9.996651411056518555e-01,-1.050758082419633865e-02,2.365592308342456818e-02,9.144186042249202728e-03,9.983312487602233887e-01,5.702260136604309082e-02,-2.421561069786548615e-02,-5.678717792034149170e-02,9.980928301811218262e-01
9.711102294921875000e+01,9.996640682220458984e-01,-1.058715954422950745e-02,2.366472221910953522e-02,9.222077205777168274e-03,9.983279109001159668e-01,5.706709250807762146e-02,-2.422932721674442291e-02,-5.682967230677604675e-02,9.980900287628173828e-01
9.711166381835937500e+01,9.996648430824279785e-01,-1.065716706216335297e-02,2.359892800450325012e-02,9.294990450143814087e-03,9.983254671096801758e-01,5.709778144955635071e-02,-2.416790649294853210e-02,-5.685928836464881897e-02,9.980897903442382812e-01
9.711231994628906250e+01,9.996656775474548340e-01,-1.072992570698261261e-02,2.353054657578468323e-02,9.370772168040275574e-03,9.983229041099548340e-01,5.712967365980148315e-02,-2.410407736897468567e-02,-5.689006298780441284e-02,9.980895519256591797e-01
9.711296844482421875e+01,9.996664524078369141e-01,-1.080103032290935516e-02,2.346371486783027649e-02,9.444834664463996887e-03,9.983204007148742676e-01,5.716083198785781860e-02,-2.404169738292694092e-02,-5.692014843225479126e-02,9.980893135070800781e-01
9.711362457275390625e+01,9.996672868728637695e-01,-1.087279338389635086e-02,2.339625917375087738e-02,9.519587270915508270e-03,9.983178973197937012e-01,5.719227716326713562e-02,-2.397874183952808380e-02,-5.695052072405815125e-02,9.980891346931457520e-01
9.711428833007812500e+01,9.996681213378906250e-01,-1.094631571322679520e-02,2.332714572548866272e-02,9.596175514161586761e-03,9.983153939247131348e-01,5.722448974847793579e-02,-2.391424030065536499e-02,-5.698163807392120361e-02,9.980889558792114258e-01
9.711508178710937500e+01,9.996690750122070312e-01,-1.103315223008394241e-02,2.324550971388816833e-02,9.686640463769435883e-03,9.983123540878295898e-01,5.726252868771553040e-02,-2.383806183934211731e-02,-5.701839551329612732e-02,9.980886578559875488e-01
