time,r00,r01,r02,r10,r11,r12,r20,r21,r22
6.496684265136718750e+01,1.000000000000000000e+00,0.000000000000000000e+00,0.000000000000000000e+00,0.000000000000000000e+00,1.000000000000000000e+00,0.000000000000000000e+00,0.000000000000000000e+00,0.000000000000000000e+00,1.000000000000000000e+00
6.498109436035156250e+01,9.998943209648132324e-01,-1.961589732673019171e-04,-1.455592457205057144e-02,-5.093170329928398132e-11,9.999095201492309570e-01,-1.347501017153263092e-02,1.455724705010652542e-02,1.347358152270317078e-02,9.998035430908203125e-01
6.499638366699218750e+01,9.996625781059265137e-01,-6.002820446155965328e-04,-2.598268352448940277e-02,-5.820766091346740723e-11,9.997335672378540039e-01,-2.309700287878513336e-02,2.598961628973484039e-02,2.308920212090015411e-02,9.993959069252014160e-01
6.503466033935546875e+01,9.987012147903442383e-01,-2.204141579568386078e-03,-5.090227723121643066e-02,0.000000000000000000e+00,9.990638494491577148e-01,-4.326089844107627869e-02,5.094997584819793701e-02,4.320471361279487610e-02,9.977662563323974609e-01
6.507295227050781250e+01,9.980844855308532715e-01,-4.727757535874843597e-03,-6.168540939688682556e-02,0.000000000000000000e+00,9.970758557319641113e-01,-7.641892135143280029e-02,6.186631694436073303e-02,7.627253234386444092e-02,9.951658844947814941e-01
6.508718872070312500e+01,9.981887936592102051e-01,-5.026219412684440613e-03,-5.995323881506919861e-02,0.000000000000000000e+00,9.965044260025024414e-01,-8.354259282350540161e-02,6.016356125473976135e-02,8.339125663042068481e-02,9.946992993354797363e-01
6.510250854492187500e+01,9.981268048286437988e-01,-5.114634055644273758e-03,-6.096059083938598633e-02,-4.656612873077392578e-10,9.964985847473144531e-01,-8.360691368579864502e-02,6.117477267980575562e-02,8.345031738281250000e-02,9.946321845054626465e-01
6.514081573486328125e+01,9.971048235893249512e-01,-6.230779923498630524e-03,-7.578704506158828735e-02,-4.656612873077392578e-10,9.966377019882202148e-01,-8.193787932395935059e-02,7.604274898767471313e-02,8.170063793659210205e-02,9.937520027160644531e-01
6.517913055419921875e+01,9.977449178695678711e-01,-5.660894326865673065e-03,-6.687913089990615845e-02,0.000000000000000000e+00,9.964367747306823730e-01,-8.434206247329711914e-02,6.711827963590621948e-02,8.415187895298004150e-02,9.941897988319396973e-01
6.521049499511718750e+01,9.973121881484985352e-01,-6.232106126844882965e-03,-7.300630956888198853e-02,-2.328306436538696289e-10,9.963764548301696777e-01,-8.505462110042572021e-02,7.327181845903396606e-02,8.482599258422851562e-02,9.936982393264770508e-01
6.522483062744140625e+01,9.971824288368225098e-01,-6.374632474035024643e-03,-7.474461942911148071e-02,4.656612873077392578e-10,9.963830113410949707e-01,-8.497701585292816162e-02,7.501595467329025269e-02,8.473758399486541748e-02,9.935755133628845215e-01
6.526301574707031250e+01,9.969587326049804688e-01,-6.861320231109857559e-03,-7.762642949819564819e-02,0.000000000000000000e+00,9.961162805557250977e-01,-8.804570138454437256e-02,7.792907208204269409e-02,8.777794241905212402e-02,9.930869936943054199e-01
6.530131530761718750e+01,9.963326454162597656e-01,-8.065301924943923950e-03,-8.518297225236892700e-02,4.656612873077392578e-10,9.955475330352783203e-01,-9.426052123308181763e-02,8.556393533945083618e-02,9.391484409570693970e-02,9.918965697288513184e-01
6.531557464599609375e+01,9.962338805198669434e-01,-8.533265441656112671e-03,-8.628866076469421387e-02,-4.656612873077392578e-10,9.951460361480712891e-01,-9.841205924749374390e-02,8.670957386493682861e-02,9.804140776395797729e-02,9.913979172706604004e-01
6.533086395263671875e+01,9.963424801826477051e-01,-8.705366402864456177e-03,-8.500257134437561035e-02,-4.656612873077392578e-10,9.947965145111083984e-01,-1.018800884485244751e-01,8.544717729091644287e-02,1.015074849128723145e-01,9.911582469940185547e-01
6.536916351318359375e+01,9.952657222747802734e-01,-9.070597589015960693e-03,-9.676779061555862427e-02,9.313225746154785156e-10,9.956356287002563477e-01,-9.332659840583801270e-02,9.719198197126388550e-02,9.288476407527923584e-02,9.909219145774841309e-01
6.540746307373046875e+01,9.948180913925170898e-01,-9.640404954552650452e-03,-1.012104675173759460e-01,4.656612873077392578e-10,9.954940080642700195e-01,-9.482188522815704346e-02,1.016685590147972107e-01,9.433054924011230469e-02,9.903357028961181641e-01
6.542169952392578125e+01,9.951046109199523926e-01,-8.956748992204666138e-03,-9.842128306627273560e-02,-4.656612873077392578e-10,9.958847165107727051e-01,-9.062967449426651001e-02,9.882799535989761353e-02,9.018599241971969604e-02,9.910094141960144043e-01
6.543701171875000000e+01,9.950745701789855957e-01,-8.859012275934219360e-03,-9.873345494270324707e-02,4.656612873077392578e-10,9.959987998008728027e-01,-8.936751633882522583e-02,9.913010895252227783e-02,8.892733603715896606e-02,9.910929799079895020e-01
6.547531127929687500e+01,9.944451451301574707e-01,-8.239086717367172241e-03,-1.049352958798408508e-01,-4.656612873077392578e-10,9.969320297241210938e-01,-7.827499508857727051e-02,1.052582487463951111e-01,7.784016430377960205e-02,9.913939833641052246e-01
6.551365661621093750e+01,9.948109984397888184e-01,-7.270740810781717300e-03,-1.014799550175666809e-01,4.656612873077392578e-10,9.974431395530700684e-01,-7.146387547254562378e-02,1.017400845885276794e-01,7.109304517507553101e-02,9.922674298286437988e-01
6.552790832519531250e+01,9.949006438255310059e-01,-7.173710502684116364e-03,-1.006053090095520020e-01,-2.328306436538696289e-10,9.974675178527832031e-01,-7.112490385770797729e-02,1.008607447147369385e-01,7.076220959424972534e-02,9.923809766769409180e-01
6.554322052001953125e+01,9.950454235076904297e-01,-6.537512876093387604e-03,-9.920331090688705444e-02,4.656612873077392578e-10,9.978353381156921387e-01,-6.575750559568405151e-02,9.941848367452621460e-02,6.543172150850296021e-02,9.928917884826660156e-01
6.558151245117187500e+01,9.957760572433471680e-01,-4.528185352683067322e-03,-9.170561283826828003e-02,0.000000000000000000e+00,9.987833499908447266e-01,-4.931733012199401855e-02,9.181734174489974976e-02,4.910900443792343140e-02,9.945643544197082520e-01
6.561983489990234375e+01,9.961303472518920898e-01,-4.512210376560688019e-03,-8.777469396591186523e-02,2.328306436538696289e-10,9.986814856529235840e-01,-5.133894830942153931e-02,8.789059519767761230e-02,5.114027112722396851e-02,9.948167204856872559e-01
6.563408660888671875e+01,9.963285923004150391e-01,-4.580888897180557251e-03,-8.549004793167114258e-02,0.000000000000000000e+00,9.985675811767578125e-01,-5.350712686777114868e-02,8.561268448829650879e-02,5.331067740917205811e-02,9.949012994766235352e-01
6.564937591552734375e+01,9.967445731163024902e-01,-4.270503297448158264e-03,-8.051182329654693604e-02,0.000000000000000000e+00,9.985963106155395508e-01,-5.296748504042625427e-02,8.062499761581420898e-02,5.279504880309104919e-02,9.953453540802001953e-01
6.568766784667968750e+01,9.959434866905212402e-01,-5.234916228801012039e-03,-8.983265608549118042e-02,4.656612873077392578e-10,9.983067512512207031e-01,-5.817539617419242859e-02,8.998505026102066040e-02,5.793938413262367249e-02,9.942567348480224609e-01
6.572598266601562500e+01,9.966093897819519043e-01,-5.314728245139122009e-03,-8.210742473602294922e-02,2.328306436538696289e-10,9.979117512702941895e-01,-6.459378451108932495e-02,8.227925002574920654e-02,6.437476724386215210e-02,9.945281147956848145e-01
6.574021911621093750e+01,9.965761303901672363e-01,-5.341868847608566284e-03,-8.250772953033447266e-02,-2.328306436538696289e-10,9.979106783866882324e-01,-6.460858881473541260e-02,8.268047869205474854e-02,6.438738107681274414e-02,9.944939613342285156e-01
6.575552368164062500e+01,9.964603781700134277e-01,-5.633425898849964142e-03,-8.387764543294906616e-02,0.000000000000000000e+00,9.977524280548095703e-01,-6.701146811246871948e-02,8.406660705804824829e-02,6.677425652742385864e-02,9.942205548286437988e-01
6.575629425048828125e+01,9.964553713798522949e-01,-5.646517500281333923e-03,-8.393838256597518921e-02,2.328306436538696289e-10,9.977454543113708496e-01,-6.711811572313308716e-02,8.412808924913406372e-02,6.688017398118972778e-02,9.942083954811096191e-01
6.581063079833984375e+01,9.968743920326232910e-01,-5.081876181066036224e-03,-7.884169369935989380e-02,2.328306436538696289e-10,9.979293346405029297e-01,-6.432323157787322998e-02,7.900530844926834106e-02,6.412217020988464355e-02,9.948099851608276367e-01
6.586056518554687500e+01,9.966583251953125000e-01,-6.094413343816995621e-03,-8.145055919885635376e-02,-4.656612873077392578e-10,9.972119927406311035e-01,-7.461488246917724609e-02,8.167824894189834595e-02,7.436557114124298096e-02,9.938800334930419922e-01
6.587488555908203125e+01,9.967613816261291504e-01,-6.169478408992290497e-03,-8.018113672733306885e-02,2.328306436538696289e-10,9.970530271530151367e-01,-7.671750336885452271e-02,8.041813969612121582e-02,7.646902650594711304e-02,9.938237667083740234e-01
6.589021301269531250e+01,9.971896409988403320e-01,-5.499725695699453354e-03,-7.471764832735061646e-02,0.000000000000000000e+00,9.973020553588867188e-01,-7.340818643569946289e-02,7.491978257894515991e-02,7.320187985897064209e-02,9.944992065429687500e-01
6.592851257324218750e+01,9.976322054862976074e-01,-5.302572622895240784e-03,-6.856883317232131958e-02,-6.984919309616088867e-10,9.970231056213378906e-01,-7.710190862417221069e-02,6.877356022596359253e-02,7.691935449838638306e-02,9.946624636650085449e-01
6.596685028076171875e+01,9.980995655059814453e-01,-4.899553954601287842e-03,-6.143335253000259399e-02,6.984919309616088867e-10,9.968351125717163086e-01,-7.950153201818466187e-02,6.162842363119125366e-02,7.935041934251785278e-02,9.949402809143066406e-01
6.598108673095703125e+01,9.981483221054077148e-01,-4.674429073929786682e-03,-6.065007299184799194e-02,0.000000000000000000e+00,9.970433115959167480e-01,-7.684423029422760010e-02,6.082993745803833008e-02,7.670192420482635498e-02,9.951969385147094727e-01
6.600817108154296875e+01,9.983499646186828613e-01,-4.403378814458847046e-03,-5.725330859422683716e-02,-2.328306436538696289e-10,9.970554113388061523e-01,-7.668399065732955933e-02,5.742239207029342651e-02,7.655746489763259888e-02,9.954102635383605957e-01
6.604664611816406250e+01,9.990723133087158203e-01,-2.431848784908652306e-03,-4.300640150904655457e-02,0.000000000000000000e+00,9.984055757522583008e-01,-5.645603314042091370e-02,4.307510331273078918e-02,5.640363320708274841e-02,9.974788427352905273e-01
6.608501434326171875e+01,9.992707967758178711e-01,-2.036591526120901108e-03,-3.812662884593009949e-02,-1.164153218269348145e-10,9.985763430595397949e-01,-5.334047600626945496e-02,3.818098083138465881e-02,5.330158397555351257e-02,9.978482127189636230e-01
6.609925842285156250e+01,9.993163943290710449e-01,-2.049978589639067650e-03,-3.691459819674491882e-02,0.000000000000000000e+00,9.984616637229919434e-01,-5.544757843017578125e-02,3.697147592902183533e-02,5.540966987609863281e-02,9.977790713310241699e-01
6.611457824707031250e+01,9.994350075721740723e-01,-1.860792399384081364e-03,-3.356228023767471313e-02,0.000000000000000000e+00,9.984667301177978516e-01,-5.535795167088508606e-02,3.361382335424423218e-02,5.532666668295860291e-02,9.979024529457092285e-01
6.615287017822265625e+01,9.990656375885009766e-01,-2.211690414696931839e-03,-4.316857457160949707e-02,-5.820766091346740723e-10,9.986903667449951172e-01,-5.116672068834304810e-02,4.322519153356552124e-02,5.111889541149139404e-02,9.977569580078125000e-01
6.619120788574218750e+01,9.990758299827575684e-01,-1.051193103194236755e-03,-4.297372698783874512e-02,-2.910383045673370361e-10,9.997011423110961914e-01,-2.445399202406406403e-02,4.298657923936843872e-02,2.443138696253299713e-02,9.987770318984985352e-01
6.620544433593750000e+01,9.990561008453369141e-01,-8.193120593205094337e-04,-4.343680664896965027e-02,1.164153218269348145e-10,9.998224377632141113e-01,-1.885880716145038605e-02,4.344453290104866028e-02,1.884100027382373810e-02,9.988784193992614746e-01
6.622078704833984375e+01,9.990007281303405762e-01,-6.643490050919353962e-04,-4.468995705246925354e-02,1.746229827404022217e-10,9.998895525932312012e-01,-1.486408803611993790e-02,4.469489678740501404e-02,1.484923344105482101e-02,9.988903403282165527e-01
6.625909423828125000e+01,9.993296265602111816e-01,-8.816584886517375708e-05,-3.661838173866271973e-02,-1.204170985147356987e-09,9.999973773956298828e-01,-2.407720079645514488e-03,3.661848604679107666e-02,2.406105166301131248e-03,9.993267059326171875e-01
6.629743194580078125e+01,9.989598989486694336e-01,1.134177146013826132e-04,-4.559519514441490173e-02,1.127773430198431015e-10,9.999967813491821289e-01,2.487487625330686569e-03,4.559533670544624329e-02,-2.484900411218404770e-03,9.989567995071411133e-01
6.631167602539062500e+01,9.988300800323486328e-01,1.272262306883931160e-04,-4.836472123861312866e-02,-4.874891601502895355e-10,9.999969005584716797e-01,2.630539936944842339e-03,4.836488515138626099e-02,-2.627461450174450874e-03,9.988266229629516602e-01
6.632701110839843750e+01,9.988616108894348145e-01,3.403683076612651348e-04,-4.770813137292861938e-02,-1.600710675120353699e-10,9.999749064445495605e-01,7.134204264730215073e-03,4.770934581756591797e-02,-7.126080337911844254e-03,9.988361597061157227e-01
6.632777404785156250e+01,9.988626241683959961e-01,3.499785379972308874e-04,-4.767791926860809326e-02,0.000000000000000000e+00,9.999729394912719727e-01,7.340276613831520081e-03,4.767920076847076416e-02,-7.331928238272666931e-03,9.988356828689575195e-01
6.632836914062500000e+01,9.988637566566467285e-01,3.573709982447326183e-04,-4.765463992953300476e-02,1.455191522836685181e-11,9.999718666076660156e-01,7.498975843191146851e-03,4.765598103404045105e-02,-7.490455172955989838e-03,9.988356828689575195e-01
6.632899475097656250e+01,9.988650083541870117e-01,3.650499857030808926e-04,-4.763041809201240540e-02,1.455191522836685181e-11,9.999707341194152832e-01,7.663995027542114258e-03,4.763181880116462708e-02,-7.655296474695205688e-03,9.988356828689575195e-01
6.632958984375000000e+01,9.988662600517272949e-01,3.724331036210060120e-04,-4.760708659887313843e-02,0.000000000000000000e+00,9.999696016311645508e-01,7.822820916771888733e-03,4.760854691267013550e-02,-7.813951000571250916e-03,9.988356828689575195e-01
6.633022308349609375e+01,9.988673329353332520e-01,3.801238490268588066e-04,-4.758273810148239136e-02,1.455191522836685181e-11,9.999681711196899414e-01,7.988438010215759277e-03,4.758425801992416382e-02,-7.979389280080795288e-03,9.988354444503784180e-01
6.633081817626953125e+01,9.988683462142944336e-01,3.874356043525040150e-04,-4.755954816937446594e-02,0.000000000000000000e+00,9.999668598175048828e-01,8.146055974066257477e-03,4.756112769246101379e-02,-8.136837743222713470e-03,9.988352060317993164e-01
6.633144378662109375e+01,9.988694787025451660e-01,3.949551028199493885e-04,-4.753565788269042969e-02,1.455191522836685181e-11,9.999654889106750488e-01,8.308321237564086914e-03,4.753729701042175293e-02,-8.298927918076515198e-03,9.988349676132202148e-01
6.633204650878906250e+01,9.988710284233093262e-01,4.022450302727520466e-04,-4.751246422529220581e-02,0.000000000000000000e+00,9.999645948410034180e-01,8.465792983770370483e-03,4.751417040824890137e-02,-8.456232026219367981e-03,9.988352060317993164e-01
6.633266448974609375e+01,9.988716840744018555e-01,4.096920602023601532e-04,-4.748870059847831726e-02,1.455191522836685181e-11,9.999628067016601562e-01,8.626827038824558258e-03,4.749046638607978821e-02,-8.617092855274677277e-03,9.988344907760620117e-01
6.633326721191406250e+01,9.988728165626525879e-01,4.168997984379529953e-04,-4.746567457914352417e-02,0.000000000000000000e+00,9.999614357948303223e-01,8.782845921814441681e-03,4.746750742197036743e-02,-8.772945962846279144e-03,9.988342523574829102e-01
6.633389282226562500e+01,9.988740086555480957e-01,4.243348375894129276e-04,-4.744187742471694946e-02,-1.455191522836685181e-11,9.999600648880004883e-01,8.943951688706874847e-03,4.744377732276916504e-02,-8.933880366384983063e-03,9.988340139389038086e-01
6.637199401855468750e+01,9.987969994544982910e-01,2.936479286290705204e-04,-4.903305694460868835e-02,3.055902197957038879e-10,9.999819397926330566e-01,5.988672375679016113e-03,4.903393611311912537e-02,-5.981468595564365387e-03,9.987790584564208984e-01
6.641031646728515625e+01,9.989071488380432129e-01,-1.009180996334180236e-04,-4.674527794122695923e-02,-4.001776687800884247e-11,9.999979734420776367e-01,-2.158890245482325554e-03,4.674538969993591309e-02,2.156530274078249931e-03,9.989048242568969727e-01
6.642456817626953125e+01,9.990094304084777832e-01,-2.293791476404294372e-04,-4.450203105807304382e-02,0.000000000000000000e+00,9.999868869781494141e-01,-5.154284182935953140e-03,4.450261965394020081e-02,5.149177741259336472e-03,9.989961385726928711e-01
6.645191192626953125e+01,9.988883733749389648e-01,-4.067674453835934401e-04,-4.713604599237442017e-02,-2.037268131971359253e-10,9.999627470970153809e-01,-8.629330433905124664e-03,4.713780432939529419e-02,8.619737811386585236e-03,9.988511800765991211e-01
6.649034881591796875e+01,9.986814260482788086e-01,-5.854156333953142166e-04,-5.133314803242683411e-02,-2.619344741106033325e-10,9.999349713325500488e-01,-1.140350475907325745e-02,5.133648589253425598e-02,1.138846762478351593e-02,9.986165165901184082e-01
6.652867889404296875e+01,9.985729455947875977e-01,-7.915165042504668236e-04,-5.339423194527626038e-02,-2.910383045673370361e-11,9.998898506164550781e-01,-1.482237782329320908e-02,5.340009555220603943e-02,1.480122935026884079e-02,9.984632134437561035e-01
6.654290771484375000e+01,9.985115528106689453e-01,-8.309599361382424831e-04,-5.453708767890930176e-02,-2.910383045673370361e-10,9.998840689659118652e-01,-1.523483917117118835e-02,5.454342067241668701e-02,1.521216146647930145e-02,9.983956217765808105e-01
6.655818939208984375e+01,9.985540509223937988e-01,-8.723064092919230461e-04,-5.375058576464653015e-02,-2.037268131971359253e-10,9.998683929443359375e-01,-1.622664555907249451e-02,5.375766381621360779e-02,1.620318368077278137e-02,9.984226226806640625e-01
6.659648132324218750e+01,9.987317323684692383e-01,-7.232878124341368675e-04,-5.034261569380760193e-02,-6.693881005048751831e-10,9.998968243598937988e-01,-1.436583697795867920e-02,5.034780874848365784e-02,1.434761658310890198e-02,9.986286759376525879e-01
6.663483428955078125e+01,9.989711046218872070e-01,-6.812902865931391716e-04,-4.534469917416572571e-02,2.328306436538696289e-10,9.998871088027954102e-01,-1.502299495041370392e-02,4.534981772303581238e-02,1.500753872096538544e-02,9.988583922386169434e-01
6.664907836914062500e+01,9.990846514701843262e-01,-6.540914764627814293e-04,-4.276803508400917053e-02,5.820766091346740723e-11,9.998828768730163574e-01,-1.529214251786470413e-02,4.277303442358970642e-02,1.527814660221338272e-02,9.989678263664245605e-01
6.666439819335937500e+01,9.991154074668884277e-01,-6.477697752416133881e-04,-4.204986616969108582e-02,0.000000000000000000e+00,9.998815059661865234e-01,-1.540297362953424454e-02,4.205485805869102478e-02,1.538934651762247086e-02,9.989969134330749512e-01
6.670272064208984375e+01,9.988858103752136230e-01,-5.583445308730006218e-04,-4.719477146863937378e-02,-4.365574568510055542e-10,9.999303221702575684e-01,-1.182982791215181351e-02,4.719807207584381104e-02,1.181664410978555679e-02,9.988159537315368652e-01
6.674105834960937500e+01,9.984169006347656250e-01,-3.418731503188610077e-04,-5.625049024820327759e-02,-5.384208634495735168e-10,9.999817609786987305e-01,-6.077590398490428925e-03,5.625152587890625000e-02,6.067967042326927185e-03,9.983984231948852539e-01
6.675531005859375000e+01,9.981967806816101074e-01,-4.538686480373144150e-04,-6.002499535679817200e-02,-7.275957614183425903e-11,9.999714493751525879e-01,-7.561112754046916962e-03,6.002670899033546448e-02,7.547478191554546356e-03,9.981682300567626953e-01
6.677059936523437500e+01,9.980135560035705566e-01,-6.018169806338846684e-04,-6.300172954797744751e-02,-5.820766091346740723e-11,9.999547004699707031e-01,-9.551954455673694611e-03,6.300460547208786011e-02,9.532977826893329620e-03,9.979680180549621582e-01
6.680889892578125000e+01,9.979277849197387695e-01,-1.199341611936688423e-03,-6.433007121086120605e-02,5.820766091346740723e-11,9.998260736465454102e-01,-1.864032261073589325e-02,6.434124708175659180e-02,1.860169880092144012e-02,9.977543950080871582e-01
6.684723663330078125e+01,9.970729351043701172e-01,-2.396804629825055599e-04,-7.645930349826812744e-02,-7.275957614183425903e-10,9.999953508377075195e-01,-3.134740283712744713e-03,7.645967602729797363e-02,3.125563962385058403e-03,9.970680475234985352e-01
6.687488555908203125e+01,9.963743686676025391e-01,1.543488178867846727e-04,-8.507952839136123657e-02,-2.037268131971359253e-10,9.999985694885253906e-01,1.814166083931922913e-03,8.507966250181198120e-02,-1.807588152587413788e-03,9.963726997375488281e-01
6.688919830322265625e+01,9.962574243545532227e-01,4.930563736706972122e-04,-8.643506467342376709e-02,2.910383045673370361e-11,9.999837875366210938e-01,5.704263690859079361e-03,8.643646538257598877e-02,-5.682914983481168747e-03,9.962412714958190918e-01
6.692739105224609375e+01,9.969688057899475098e-01,8.790649008005857468e-04,-7.780016213655471802e-02,-5.820766091346740723e-11,9.999364018440246582e-01,1.129829138517379761e-02,7.780512422323226929e-02,-1.126404106616973877e-02,9.969052076339721680e-01
6.696569824218750000e+01,9.976027607917785645e-01,1.554989954456686974e-03,-6.918580830097198486e-02,2.910383045673370361e-10,9.997476935386657715e-01,2.246989496052265167e-02,6.920328736305236816e-02,-2.241602353751659393e-02,9.973508715629577637e-01
6.697997283935546875e+01,9.978327751159667969e-01,1.778494799509644508e-03,-6.578205525875091553e-02,-5.820766091346740723e-11,9.996350407600402832e-01,2.702629379928112030e-02,6.580609083175659180e-02,-2.696771360933780670e-02,9.974682927131652832e-01
6.699531555175781250e+01,9.980629682540893555e-01,1.762379659339785576e-03,-6.219182163476943970e-02,2.328306436538696289e-10,9.995990395545959473e-01,2.832644060254096985e-02,6.221678853034973145e-02,-2.827156335115432739e-02,9.976624846458435059e-01
6.703364562988281250e+01,9.980706572532653809e-01,2.401567995548248291e-03,-6.204200536012649536e-02,0.000000000000000000e+00,9.992516636848449707e-01,3.867977485060691833e-02,6.208846718072891235e-02,-3.860514983534812927e-02,9.973237514495849609e-01
6.708546447753906250e+01,9.980897307395935059e-01,3.088158089667558670e-03,-6.170644238591194153e-02,3.492459654808044434e-10,9.987502098083496094e-01,4.998341575264930725e-02,6.178366765379905701e-02,-4.988792911171913147e-02,9.968421459197998047e-01
6.709980773925781250e+01,9.980907440185546875e-01,3.288777079433202744e-03,-6.167911365628242493e-02,1.164153218269348145e-10,9.985815882682800293e-01,5.324511975049972534e-02,6.176673248410224915e-02,-5.314345657825469971e-02,9.966749548912048340e-01
6.711516571044921875e+01,9.979600310325622559e-01,3.576864488422870636e-03,-6.374467164278030396e-02,-1.164153218269348145e-10,9.984295964241027832e-01,5.602424219250679016e-02,6.384494155645370483e-02,-5.590994283556938171e-02,9.963926672935485840e-01
6.715345764160156250e+01,9.976233839988708496e-01,4.098539706319570541e-03,-6.878150999546051025e-02,0.000000000000000000e+00,9.982294440269470215e-01,5.948230251669883728e-02,6.890352070331573486e-02,-5.934093520045280457e-02,9.958569407463073730e-01
6.719177246093750000e+01,9.974101185798645020e-01,4.445590078830718994e-03,-7.178846746683120728e-02,-2.328306436538696289e-10,9.980882406234741211e-01,6.180783733725547791e-02,7.192599028348922729e-02,-6.164775416254997253e-02,9.955031871795654297e-01
6.720599365234375000e+01,9.972773790359497070e-01,4.542207345366477966e-03,-7.360217720270156860e-02,0.000000000000000000e+00,9.981011748313903809e-01,6.159576401114463806e-02,7.374220341444015503e-02,-6.142805889248847961e-02,9.953836798667907715e-01
6.722132110595703125e+01,9.972410202026367188e-01,4.539921879768371582e-03,-7.409106940031051636e-02,2.328306436538696289e-10,9.981278777122497559e-01,6.116017699241638184e-02,7.423003762960433960e-02,-6.099144369363784790e-02,9.953741431236267090e-01
6.725963592529296875e+01,9.969775080680847168e-01,4.358769394457340240e-03,-7.757185399532318115e-02,-4.656612873077392578e-10,9.984253644943237305e-01,5.610159412026405334e-02,7.769422233104705811e-02,-5.593201145529747009e-02,9.954073429107666016e-01
6.729793548583984375e+01,9.962854385375976562e-01,4.568568430840969086e-03,-8.599072694778442383e-02,2.328306436538696289e-10,9.985916614532470703e-01,5.305379256606101990e-02,8.611200749874114990e-02,-5.285672470927238464e-02,9.948823451995849609e-01
6.731217193603515625e+01,9.960028529167175293e-01,4.631903022527694702e-03,-8.920349925756454468e-02,-2.328306436538696289e-10,9.986547827720642090e-01,5.185526981949806213e-02,8.932367712259292603e-02,-5.164798721671104431e-02,9.946628212928771973e-01
6.732752227783203125e+01,9.957166314125061035e-01,4.631959833204746246e-03,-9.234308451414108276e-02,-2.328306436538696289e-10,9.987444877624511719e-01,5.009734630584716797e-02,9.245917946100234985e-02,-4.988275468349456787e-02,9.944663643836975098e-01
6.736584472656250000e+01,9.949641227722167969e-01,4.325523972511291504e-03,-1.001402586698532104e-01,-4.656612873077392578e-10,9.990686178207397461e-01,4.315441846847534180e-02,1.002336293458938599e-01,-4.293709248304367065e-02,9.940372109413146973e-01
6.740415954589843750e+01,9.947202205657958984e-01,3.662313800305128098e-03,-1.025616899132728577e-01,0.000000000000000000e+00,9.993633627891540527e-01,3.568565845489501953e-02,1.026270613074302673e-01,-3.549723327159881592e-02,9.940866231918334961e-01
6.741839599609375000e+01,9.947506189346313477e-01,3.391341306269168854e-03,-1.022725105285644531e-01,0.000000000000000000e+00,9.994506239891052246e-01,3.314163535833358765e-02,1.023287177085876465e-01,-3.296766430139541626e-02,9.942041635513305664e-01
6.743373107910156250e+01,9.946684241294860840e-01,3.134069498628377914e-03,-1.030796915292739868e-01,-1.164153218269348145e-10,9.995383620262145996e-01,3.039029426872730255e-02,1.031273305416107178e-01,-3.022825904190540314e-02,9.942089915275573730e-01
6.747205352783203125e+01,9.949426054954528809e-01,2.683358732610940933e-03,-1.004105433821678162e-01,-1.164153218269348145e-10,9.996432065963745117e-01,2.671433798968791962e-02,1.004463955760002136e-01,-2.657922916114330292e-02,9.945874810218811035e-01
6.751035308837890625e+01,9.956885576248168945e-01,1.992390025407075882e-03,-9.274093061685562134e-02,2.328306436538696289e-10,9.997695684432983398e-01,2.147844433784484863e-02,9.276232868432998657e-02,-2.138583362102508545e-02,9.954588413238525391e-01
6.752459716796875000e+01,9.959174990653991699e-01,1.723840832710266113e-03,-9.025657176971435547e-02,1.746229827404022217e-10,9.998180866241455078e-01,1.909586042165756226e-02,9.027303755283355713e-02,-1.901789382100105286e-02,9.957358837127685547e-01
6.753994750976562500e+01,9.961489439010620117e-01,1.562757068313658237e-03,-8.766173571348190308e-02,0.000000000000000000e+00,9.998410344123840332e-01,1.782429404556751251e-02,8.767566829919815063e-02,-1.775565557181835175e-02,9.959906935691833496e-01
6.757823944091796875e+01,9.964582920074462891e-01,1.605927012860774994e-03,-8.407334983348846436e-02,5.820766091346740723e-11,9.998176693916320801e-01,1.909801550209522247e-02,8.408868312835693359e-02,-1.903037540614604950e-02,9.962765574455261230e-01
6.761653900146484375e+01,9.966148138046264648e-01,1.602068776264786720e-03,-8.219700306653976440e-02,1.746229827404022217e-10,9.998101592063903809e-01,1.948690228164196014e-02,8.221261948347091675e-02,-1.942093484103679657e-02,9.964255690574645996e-01
6.763078308105468750e+01,9.967243075370788574e-01,1.585896825417876244e-03,-8.085965365171432495e-02,-1.164153218269348145e-10,9.998077750205993652e-01,1.960918121039867401e-02,8.087521046400070190e-02,-1.954494602978229523e-02,9.965326189994812012e-01
6.764609527587890625e+01,9.968022108078002930e-01,1.589475898072123528e-03,-7.989905774593353271e-02,2.328306436538696289e-10,9.998026490211486816e-01,1.988962292671203613e-02,7.991486787796020508e-02,-1.982600986957550049e-02,9.966049790382385254e-01
6.764684295654296875e+01,9.968053102493286133e-01,1.589634455740451813e-03,-7.985316216945648193e-02,0.000000000000000000e+00,9.998018741607666016e-01,1.990302652120590210e-02,7.986898720264434814e-02,-1.983944326639175415e-02,9.966078400611877441e-01
6.764741516113281250e+01,9.968081116676330566e-01,1.589753665030002594e-03,-7.981833070516586304e-02,0.000000000000000000e+00,9.998016953468322754e-01,1.991320215165615082e-02,7.983415573835372925e-02,-1.984964124858379364e-02,9.966104626655578613e-01
6.764804077148437500e+01,9.968069195747375488e-01,1.590999425388872623e-03,-7.983376085758209229e-02,0.000000000000000000e+00,9.998015165328979492e-01,1.992494799196720123e-02,7.984961569309234619e-02,-1.986132748425006866e-02,9.966090321540832520e-01
6.764861297607421875e+01,9.968057274818420410e-01,1.592138665728271008e-03,-7.984792441129684448e-02,0.000000000000000000e+00,9.998012185096740723e-01,1.993567496538162231e-02,7.986379414796829224e-02,-1.987199485301971436e-02,9.966076016426086426e-01
6.764923858642578125e+01,9.968045353889465332e-01,1.593372318893671036e-03,-7.986330986022949219e-02,5.820766091346740723e-11,9.998009800910949707e-01,1.994727365672588348e-02,7.987920939922332764e-02,-1.988353393971920013e-02,9.966061711311340332e-01
6.764981842041015625e+01,9.968037605285644531e-01,1.594534143805503845e-03,-7.987786829471588135e-02,-5.820766091346740723e-11,9.998012185096740723e-01,1.995817758142948151e-02,7.989378273487091064e-02,-1.989437825977802277e-02,9.966052174568176270e-01
6.765043640136718750e+01,9.968025684356689453e-01,1.595755806192755699e-03,-7.989321649074554443e-02,5.820766091346740723e-11,9.998010396957397461e-01,1.996962912380695343e-02,7.990914583206176758e-02,-1.990577019751071930e-02,9.966037869453430176e-01
6.765103149414062500e+01,9.968013763427734375e-01,1.596935093402862549e-03,-7.990808039903640747e-02,1.164153218269348145e-10,9.998008012771606445e-01,1.998066715896129608e-02,7.992403954267501831e-02,-1.991674862802028656e-02,9.966023564338684082e-01
6.765164947509765625e+01,9.967997074127197266e-01,1.598156755790114403e-03,-7.992351800203323364e-02,-5.820766091346740723e-11,9.998000860214233398e-01,1.999207958579063416e-02,7.993949204683303833e-02,-1.992809772491455078e-02,9.966004490852355957e-01
6.765223693847656250e+01,9.967984557151794434e-01,1.599318231455981731e-03,-7.993824779987335205e-02,0.000000000000000000e+00,9.997998476028442383e-01,2.000291459262371063e-02,7.995425164699554443e-02,-1.993887685239315033e-02,9.965990185737609863e-01
6.765286254882812500e+01,9.967972636222839355e-01,1.600551884621381760e-03,-7.995396852493286133e-02,5.820766091346740723e-11,9.997996687889099121e-01,2.001440711319446564e-02,7.996998727321624756e-02,-1.995030604302883148e-02,9.965975880622863770e-01
6.765344238281250000e+01,9.967960715293884277e-01,1.601697644218802452e-03,-7.996860146522521973e-02,5.820766091346740723e-11,9.997994303703308105e-01,2.002506516873836517e-02,7.998463511466979980e-02,-1.996090821921825409e-02,9.965961575508117676e-01
6.765406799316406250e+01,9.967948794364929199e-01,1.602943171747028828e-03,-7.998456805944442749e-02,0.000000000000000000e+00,9.997993111610412598e-01,2.003663219511508942e-02,8.000063151121139526e-02,-1.997241191565990448e-02,9.965947270393371582e-01
6.770592498779296875e+01,9.957150816917419434e-01,1.527777523733675480e-03,-9.245928376913070679e-02,-2.328306436538696289e-10,9.998633265495300293e-01,1.652152836322784424e-02,9.247190505266189575e-02,-1.645073667168617249e-02,9.955791831016540527e-01
6.774436950683593750e+01,9.949097037315368652e-01,1.343386713415384293e-03,-1.007586196064949036e-01,1.746229827404022217e-10,9.999108314514160156e-01,1.333153806626796722e-02,1.007675752043724060e-01,-1.326368004083633423e-02,9.948213100433349609e-01
6.775860595703125000e+01,9.946603775024414062e-01,1.377181615680456161e-03,-1.031923145055770874e-01,1.746229827404022217e-10,9.999108314514160156e-01,1.334458962082862854e-02,1.032015085220336914e-01,-1.327333599328994751e-02,9.945718050003051758e-01
6.777394866943359375e+01,9.944818615913391113e-01,1.428473740816116333e-03,-1.049024313688278198e-01,-2.328306436538696289e-10,9.999076724052429199e-01,1.361590344458818436e-02,1.049121618270874023e-01,-1.354076433926820755e-02,9.943896532058715820e-01
6.781224822998046875e+01,9.952029585838317871e-01,1.572090550325810909e-03,-9.781986474990844727e-02,3.492459654808044434e-10,9.998709559440612793e-01,1.606921106576919556e-02,9.783250093460083008e-02,-1.599212363362312317e-02,9.950744509696960449e-01
6.786586761474609375e+01,9.969053268432617188e-01,1.926039811223745346e-03,-7.859071344137191772e-02,5.820766091346740723e-11,9.997000694274902344e-01,2.449986524879932404e-02,7.861431688070297241e-02,-2.442404069006443024e-02,9.966061115264892578e-01
6.788020324707031250e+01,9.972499012947082520e-01,2.087745349854230881e-03,-7.408367842435836792e-02,0.000000000000000000e+00,9.996032118797302246e-01,2.816972509026527405e-02,7.411309331655502319e-02,-2.809225395321846008e-02,9.968541264533996582e-01
6.789556121826171875e+01,9.975184202194213867e-01,2.257496118545532227e-03,-7.036748528480529785e-02,1.164153218269348145e-10,9.994856715202331543e-01,3.206502273678779602e-02,7.040369510650634766e-02,-3.198545798659324646e-02,9.970055222511291504e-01
6.793389129638671875e+01,9.980406761169433594e-01,2.310225972905755043e-03,-6.252297013998031616e-02,0.000000000000000000e+00,9.993178844451904297e-01,3.692483529448509216e-02,6.256563216447830200e-02,-3.685249760746955872e-02,9.973600506782531738e-01
6.797222900390625000e+01,9.978789687156677246e-01,-1.686735078692436218e-03,-6.507927179336547852e-02,3.946864046156406403e-03,9.993931651115417480e-01,3.461594879627227783e-02,6.498137116432189941e-02,-3.479937463998794556e-02,9.972798228263854980e-01
6.798648071289062500e+01,9.977248907089233398e-01,-3.406680189073085785e-03,-6.733144074678421021e-02,5.684859119355678558e-03,9.994167685508728027e-01,3.367270901799201965e-02,6.717745214700698853e-02,-3.397886827588081360e-02,9.971623420715332031e-01
6.800180053710937500e+01,9.975627660751342773e-01,-4.765596706420183182e-03,-6.961339712142944336e-02,7.056421134620904922e-03,9.994404315948486328e-01,3.269906342029571533e-02,6.941860914230346680e-02,-3.311058878898620605e-02,9.970381259918212891e-01
6.804010009765625000e+01,9.972380995750427246e-01,-6.622518878430128098e-03,-7.397465407848358154e-02,8.906368166208267212e-03,9.994924068450927734e-01,3.058631531894207001e-02,7.373455166816711426e-02,-3.116068430244922638e-02,9.967909455299377441e-01
6.807842254638671875e+01,9.968903064727783203e-01,-9.997467510402202606e-03,-7.816637307405471802e-02,1.237830240279436111e-02,9.994723796844482422e-01,3.003360517323017120e-02,7.782485336065292358e-02,-3.090777434408664703e-02,9.964879751205444336e-01
6.809267425537109375e+01,9.967833161354064941e-01,-1.098296139389276505e-02,-7.938761264085769653e-02,1.337753143161535263e-02,9.994695186614990234e-01,2.969436533749103546e-02,7.901936024427413940e-02,-3.066085837781429291e-02,9.964014887809753418e-01
6.810800170898437500e+01,9.967404603958129883e-01,-1.229203306138515472e-02,-7.973576337099075317e-02,1.474963314831256866e-02,9.994320273399353027e-01,3.030638955533504486e-02,7.931793481111526489e-02,-3.138367086648941040e-02,9.963554143905639648e-01
6.814627838134765625e+01,9.972354173660278320e-01,-1.341591589152812958e-02,-7.308665663003921509e-02,1.576502248644828796e-02,9.993743896484375000e-01,3.165987879037857056e-02,7.261618226766586304e-02,-3.272456675767898560e-02,9.968230128288269043e-01
6.818460845947265625e+01,9.977150559425354004e-01,-1.656286604702472687e-02,-6.550323218107223511e-02,1.874870248138904572e-02,9.992830157279968262e-01,3.289715945720672607e-02,6.491138786077499390e-02,-3.405008465051651001e-02,9.973101019859313965e-01
6.819888305664062500e+01,9.978874921798706055e-01,-1.769035495817661285e-02,-6.251618266105651855e-02,1.981312222778797150e-02,9.992426633834838867e-01,3.350027650594711304e-02,6.187618151307106018e-02,-3.466813266277313232e-02,9.974819421768188477e-01
6.821422576904296875e+01,9.981147646903991699e-01,-1.840530335903167725e-02,-5.855292081832885742e-02,2.043503895401954651e-02,9.992042779922485352e-01,3.425714373588562012e-02,5.787580460309982300e-02,-3.538908809423446655e-02,9.976965188980102539e-01
6.825253295898437500e+01,9.987626075744628906e-01,-1.561435032635927200e-02,-4.722054675221443176e-02,1.731614768505096436e-02,9.992073774337768555e-01,3.584764525294303894e-02,4.662337526679039001e-02,-3.662095591425895691e-02,9.982411861419677734e-01
6.829085540771484375e+01,9.989929199218750000e-01,-1.671048998832702637e-02,-4.164212197065353394e-02,1.827633008360862732e-02,9.991291761398315430e-01,3.750979900360107422e-02,4.097905009984970093e-02,-3.823308646678924561e-02,9.984282851219177246e-01
6.832379913330078125e+01,9.991159439086914062e-01,-1.637983135879039764e-02,-3.871944174170494080e-02,1.788203604519367218e-02,9.990880489349365234e-01,3.877469524741172791e-02,3.804900869727134705e-02,-3.943279758095741272e-02,9.984976053237915039e-01
6.833815002441406250e+01,9.991214871406555176e-01,-1.632376946508884430e-02,-3.859961405396461487e-02,1.781954430043697357e-02,9.990908503532409668e-01,3.872990608215332031e-02,3.793230280280113220e-02,-3.938370943069458008e-02,9.985039830207824707e-01
6.837631225585937500e+01,9.990370869636535645e-01,-1.757549308240413666e-02,-4.020681232213973999e-02,1.903755404055118561e-02,9.991607666015625000e-01,3.627438098192214966e-02,3.953552246093750000e-02,-3.700488060712814331e-02,9.985330104827880859e-01
6.841464996337890625e+01,9.988406300544738770e-01,-1.671973057091236115e-02,-4.514967650175094604e-02,1.825173385441303253e-02,9.992644190788269043e-01,3.373532369732856750e-02,4.455240815877914429e-02,-3.452025726437568665e-02,9.984107613563537598e-01
6.842889404296875000e+01,9.987275600433349609e-01,-1.704117096960544586e-02,-4.747095331549644470e-02,1.862866617739200592e-02,9.992753863334655762e-01,3.320218622684478760e-02,4.687073454260826111e-02,-3.404425084590911865e-02,9.983209967613220215e-01
6.844417572021484375e+01,9.986076354980468750e-01,-1.747179590165615082e-02,-4.977950081229209900e-02,1.912136562168598175e-02,9.992774128913879395e-01,3.285634517669677734e-02,4.916946217417716980e-02,-3.376244008541107178e-02,9.982199072837829590e-01
6.848246765136718750e+01,9.985678791999816895e-01,-1.613560505211353302e-02,-5.101174116134643555e-02,1.776896230876445770e-02,9.993386864662170410e-01,3.172953799366950989e-02,5.046602338552474976e-02,-3.259051963686943054e-02,9.981940388679504395e-01
6.852080535888671875e+01,9.985529780387878418e-01,-1.556747686117887497e-02,-5.147418007254600525e-02,1.692113094031810760e-02,9.995195269584655762e-01,2.596734091639518738e-02,5.104520544409751892e-02,-2.680076658725738525e-02,9.983366727828979492e-01
6.853504180908203125e+01,9.985208511352539062e-01,-1.483610738068819046e-02,-5.230950936675071716e-02,1.607228629291057587e-02,9.995996356010437012e-01,2.329109422862529755e-02,5.194300785660743713e-02,-2.409737370908260345e-02,9.983593821525573730e-01
6.855034637451171875e+01,9.984545707702636719e-01,-1.373021304607391357e-02,-5.385426804423332214e-02,1.484541222453117371e-02,9.996826052665710449e-01,2.036264725029468536e-02,5.355758592486381531e-02,-2.113066427409648895e-02,9.983413219451904297e-01
6.855110931396484375e+01,9.984512925148010254e-01,-1.367519423365592957e-02,-5.393137037754058838e-02,1.478411816060543060e-02,9.996865987777709961e-01,2.021668106317520142e-02,5.363798886537551880e-02,-2.098269388079643250e-02,9.983402490615844727e-01
6.855169677734375000e+01,9.984487295150756836e-01,-1.363308914005756378e-02,-5.399039387702941895e-02,1.473719440400600433e-02,9.996895790100097656e-01,2.010496333241462708e-02,5.369952321052551270e-02,-2.086943387985229492e-02,9.983393549919128418e-01
