r00,r01,r02,r10,r11,r12,r20,r21,r22
1.000000000000000000e+00,0.000000000000000000e+00,0.000000000000000000e+00,0.000000000000000000e+00,1.000000000000000000e+00,0.000000000000000000e+00,0.000000000000000000e+00,0.000000000000000000e+00,1.000000000000000000e+00
9.999977946281433105e-01,-2.032076241448521614e-03,-2.105431194650009274e-04,2.032453892752528191e-03,9.999961853027343750e-01,1.810218323953449726e-03,2.068638423224911094e-04,-1.810642541386187077e-03,9.999982714653015137e-01
9.999906420707702637e-01,-4.338956438004970551e-03,-2.976912364829331636e-04,4.340117797255516052e-03,9.999826550483703613e-01,4.017644561827182770e-03,2.802536182571202517e-04,-4.018898122012615204e-03,9.999920129776000977e-01
9.999755620956420898e-01,-6.998989731073379517e-03,-1.610276813153177500e-04,6.999780423939228058e-03,9.999599456787109375e-01,5.591725930571556091e-03,1.218847974087111652e-04,-5.592715926468372345e-03,9.999844431877136230e-01
9.999521970748901367e-01,-9.796091355383396149e-03,-2.304008921782951802e-05,9.796013124287128448e-03,9.999277591705322266e-01,6.993490736931562424e-03,-4.547044227365404367e-05,-6.993380840867757797e-03,9.999757409095764160e-01
9.999197125434875488e-01,-1.268993038684129715e-02,-4.739685391541570425e-05,1.268985588103532791e-02,9.998810291290283203e-01,8.793932385742664337e-03,-6.420317367883399129e-05,-8.793826214969158173e-03,9.999615550041198730e-01
9.999824762344360352e-01,-5.986918695271015167e-03,2.546394534874707460e-04,5.984128452837467194e-03,9.999342560768127441e-01,9.825002402067184448e-03,-3.134440921712666750e-04,-9.823301807045936584e-03,9.999521374702453613e-01
9.999999403953552246e-01,-2.766120305750519037e-04,2.676096337381750345e-04,2.736987953539937735e-04,9.999414086341857910e-01,1.082554366439580917e-02,-2.705884107854217291e-04,-1.082546915858983994e-02,9.999414086341857910e-01
9.999943971633911133e-01,3.380833193659782410e-03,4.232344799675047398e-04,-3.385388758033514023e-03,9.999309182167053223e-01,1.127000059932470322e-02,-3.851031651720404625e-04,-1.127136778086423874e-02,9.999365806579589844e-01
9.999698996543884277e-01,7.791594136506319046e-03,2.872737240977585316e-04,-7.794506382197141647e-03,9.998962879180908203e-01,1.213273499161005020e-02,-1.927105331560596824e-04,-1.213460508733987808e-02,9.999266266822814941e-01
9.999334812164306641e-01,1.153244543820619583e-02,5.023019621148705482e-04,-1.153801847249269485e-02,9.998484849929809570e-01,1.304521784186363220e-02,-3.517825389280915260e-04,-1.305014453828334808e-02,9.999148845672607422e-01
9.999516606330871582e-01,9.824397042393684387e-03,8.901389082893729210e-04,-9.835571050643920898e-03,9.998599290847778320e-01,1.356596592813730240e-02,-7.567364955320954323e-04,-1.357406098395586014e-02,9.999079108238220215e-01
9.999667406082153320e-01,8.175048045814037323e-03,4.249246849212795496e-04,-8.180291391909122467e-03,9.998643994331359863e-01,1.430968940258026123e-02,-3.078845620620995760e-04,-1.431268639862537384e-02,9.998977780342102051e-01
9.999791979789733887e-01,6.445757579058408737e-03,3.611423599068075418e-04,-6.450440268963575363e-03,9.998672604560852051e-01,1.496318355202674866e-02,-2.646453503984957933e-04,-1.496520079672336578e-02,9.998880028724670410e-01
9.999889731407165527e-01,4.755769390612840652e-03,2.676940639503300190e-04,-4.759370815008878708e-03,9.998669624328613281e-01,1.562084257602691650e-02,-1.933692692546173930e-04,-1.562193967401981354e-02,9.998782873153686523e-01
9.999954700469970703e-01,3.079102141782641411e-03,1.905768585857003927e-04,-3.081833710893988609e-03,9.998586177825927734e-01,1.654267497360706329e-02,-1.396132865920662880e-04,-1.654318533837795258e-02,9.998633861541748047e-01
9.999995231628417969e-01,1.237616874277591705e-03,-6.285498966462910175e-05,-1.236346317455172539e-03,9.998502731323242188e-01,1.727629266679286957e-02,8.422699465882033110e-05,-1.727620325982570648e-02,9.998510479927062988e-01
9.999999403953552246e-01,-6.100526661612093449e-04,-1.929890713654458523e-04,6.133597926236689091e-04,9.998445510864257812e-01,1.762758381664752960e-02,1.822052872739732265e-04,-1.762769930064678192e-02,9.998447299003601074e-01
9.999970793724060059e-01,-2.347671426832675934e-03,-1.137161816586740315e-04,2.349330577999353409e-03,9.998369216918945312e-01,1.789692230522632599e-02,7.168156298575922847e-05,-1.789713837206363678e-02,9.998396635055541992e-01
9.999923110008239746e-01,-4.001843743026256561e-03,-2.267139352625235915e-04,4.005270078778266907e-03,9.998309612274169922e-01,1.796125248074531555e-02,1.547974388813599944e-04,-1.796201616525650024e-02,9.998389482498168945e-01
9.999849200248718262e-01,-5.502815824002027512e-03,-1.700530847301706672e-04,5.505020264536142349e-03,9.998137950897216797e-01,1.849934272468090057e-02,6.822292925789952278e-05,-1.849999837577342987e-02,9.998289346694946289e-01
9.999889135360717773e-01,-4.740214906632900238e-03,1.352906110696494579e-04,4.736784845590591431e-03,9.998080730438232422e-01,1.901776902377605438e-02,-2.254129503853619099e-04,-1.901691593229770660e-02,9.998192787170410156e-01
9.999915957450866699e-01,-4.156131297349929810e-03,1.823525235522538424e-04,4.151862114667892456e-03,9.998071193695068359e-01,1.920749992132186890e-02,-2.621462044771760702e-04,-1.920657604932785034e-02,9.998157620429992676e-01
9.999932646751403809e-01,-3.659990150481462479e-03,4.942883970215916634e-04,3.649619407951831818e-03,9.998019933700561523e-01,1.956477761268615723e-02,-5.657974397763609886e-04,-1.956284046173095703e-02,9.998085498809814453e-01
9.999943971633911133e-01,-3.359139198437333107e-03,4.599917447194457054e-04,3.349556820467114449e-03,9.998053312301635742e-01,1.945066079497337341e-02,-5.252396222203969955e-04,-1.944900676608085632e-02,9.998108148574829102e-01
9.999999403953552246e-01,-7.624792633578181267e-04,3.061855386476963758e-04,7.563511608168482780e-04,9.998090863227844238e-01,1.953890733420848846e-02,-3.210249997209757566e-04,-1.953866891562938690e-02,9.998093247413635254e-01
9.999987483024597168e-01,1.558159943670034409e-03,3.679060027934610844e-04,-1.565083628520369530e-03,9.998059868812561035e-01,1.963522098958492279e-02,-3.372398205101490021e-04,-1.963577233254909515e-02,9.998071193695068359e-01
9.999936223030090332e-01,3.598940093070268631e-03,5.034148925915360451e-04,-3.608108032494783401e-03,9.998019933700561523e-01,1.958154886960983276e-02,-4.328422946855425835e-04,-1.958323642611503601e-02,9.998083710670471191e-01
9.999846816062927246e-01,5.492426920682191849e-03,5.069071194157004356e-04,-5.501579027622938156e-03,9.997791051864624023e-01,2.028163708746433258e-02,-3.953997511416673660e-04,-2.028411813080310822e-02,9.997941255569458008e-01
9.999754428863525391e-01,7.010145578533411026e-03,6.483850302174687386e-04,-7.021997589617967606e-03,9.997641444206237793e-01,2.056395076215267181e-02,-5.040756659582257271e-04,-2.056799270212650299e-02,9.997885823249816895e-01
9.999805092811584473e-01,6.236341316252946854e-03,5.103023722767829895e-04,-6.245324853807687759e-03,9.997793436050415039e-01,2.006309852004051208e-02,-3.850693465210497379e-04,-2.006589248776435852e-02,9.997987151145935059e-01
9.999843239784240723e-01,5.647525656968355179e-03,3.092314291279762983e-04,-5.652576219290494919e-03,9.997847676277160645e-01,1.997832767665386200e-02,-1.963366812560707331e-04,-1.997975446283817291e-02,9.998006820678710938e-01
9.999866485595703125e-01,5.152498837560415268e-03,3.053586697205901146e-04,-5.157632287591695786e-03,9.997809529304504395e-01,2.028349973261356354e-02,-2.007810981012880802e-04,-2.028480358421802521e-02,9.997941851615905762e-01
9.999893903732299805e-01,4.594088066369295120e-03,5.307114333845674992e-04,-4.603987094014883041e-03,9.997800588607788086e-01,2.046481892466545105e-02,-4.365775093901902437e-04,-2.046704292297363281e-02,9.997904896736145020e-01
9.999920129776000977e-01,4.039280116558074951e-03,4.607464361470192671e-04,-4.047906957566738129e-03,9.997802376747131348e-01,2.058026194572448730e-02,-3.775156510528177023e-04,-2.058195695281028748e-02,9.997883439064025879e-01
9.999987483024597168e-01,1.313894288614392281e-03,5.463213892653584480e-04,-1.324753509834408760e-03,9.997912645339965820e-01,2.037609927356243134e-02,-5.194353871047496796e-04,-2.037680335342884064e-02,9.997920393943786621e-01
9.999990463256835938e-01,-1.152665819972753525e-03,5.936786765232682228e-04,1.140305772423744202e-03,9.997908473014831543e-01,2.041530050337314606e-02,-6.170865381136536598e-04,-2.041460759937763214e-02,9.997913241386413574e-01
9.999942183494567871e-01,-3.379242960363626480e-03,5.828987341374158859e-04,3.366648685187101364e-03,9.997863173484802246e-01,2.040087617933750153e-02,-6.517135770991444588e-04,-2.039879374206066132e-02,9.997918009757995605e-01
9.999856352806091309e-01,-5.361596122384071350e-03,-9.346935257781296968e-05,5.362388677895069122e-03,9.997794628143310547e-01,2.030476927757263184e-02,-1.541722667752765119e-05,-2.030497789382934570e-02,9.997938275337219238e-01
9.999779462814331055e-01,-6.690495181828737259e-03,-2.834425540640950203e-04,6.694903131574392319e-03,9.997673034667968750e-01,2.052338235080242157e-02,1.460649364162236452e-04,-2.052482031285762787e-02,9.997897148132324219e-01
9.999917149543762207e-01,-4.069403745234012604e-03,-2.251620462629944086e-04,4.073137417435646057e-03,9.997854232788085938e-01,2.031114511191844940e-02,1.424594956915825605e-04,-2.031189389526844025e-02,9.997937083244323730e-01
9.999988675117492676e-01,-1.624604221433401108e-03,-3.008721105288714170e-04,1.630442682653665543e-03,9.997878670692443848e-01,2.054493501782417297e-02,2.674308198038488626e-04,-2.054539695382118225e-02,9.997891187667846680e-01
9.999999403953552246e-01,5.469574243761599064e-04,-1.036474714055657387e-04,-5.447078146971762180e-04,9.997880458831787109e-01,2.058635465800762177e-02,1.148853480117395520e-04,-2.058629505336284637e-02,9.997881650924682617e-01
9.999970197677612305e-01,2.482905983924865723e-03,-4.152966721449047327e-05,-2.481545787304639816e-03,9.997897148132324219e-01,2.036214061081409454e-02,9.207820403389632702e-05,-2.036197297275066376e-02,9.997928142547607422e-01
9.999909400939941406e-01,4.325534682720899582e-03,1.766001223586499691e-04,-4.328231792896986008e-03,9.997839927673339844e-01,2.034391462802886963e-02,-8.856362546794116497e-05,-2.034448832273483276e-02,9.997933506965637207e-01
9.999986290931701660e-01,1.715127611532807350e-03,-1.762233878253027797e-04,-1.711142947897315025e-03,9.997873306274414062e-01,2.055526338517665863e-02,2.114407980116084218e-04,-2.055493183434009552e-02,9.997888207435607910e-01
9.999999403953552246e-01,-6.979355239309370518e-04,-4.155023489147424698e-04,7.063776138238608837e-04,9.997861981391906738e-01,2.067685499787330627e-02,4.009823314845561981e-04,-2.067714184522628784e-02,9.997863769531250000e-01
9.999955892562866211e-01,-2.938503632321953773e-03,-3.632403386291116476e-04,2.945471322163939476e-03,9.997759461402893066e-01,2.095918916165828705e-02,3.015703114215284586e-04,-2.096016891300678253e-02,9.997802376747131348e-01
9.999876618385314941e-01,-4.992858972400426865e-03,-1.708016934571787715e-04,4.995340947061777115e-03,9.997682571411132812e-01,2.094500511884689331e-02,6.618663610424846411e-05,-2.094559744000434875e-02,9.997807145118713379e-01
9.999760389328002930e-01,-6.931489799171686172e-03,-2.554619568400084972e-04,6.935334298759698868e-03,9.997539520263671875e-01,2.107486315071582794e-02,1.093188620870932937e-04,-2.107612974941730499e-02,9.997779726982116699e-01
9.999777674674987793e-01,-6.691424176096916199e-03,-1.551538589410483837e-04,6.693203002214431763e-03,9.997627735137939453e-01,2.073596976697444916e-02,1.636388333281502128e-05,-2.073654346168041229e-02,9.997851848602294922e-01
9.999798536300659180e-01,-6.396540440618991852e-03,-1.572897890582680702e-04,6.398427300155162811e-03,9.997639656066894531e-01,2.077797986567020416e-02,2.434546331642195582e-05,-2.077856101095676422e-02,9.997844099998474121e-01
9.999815821647644043e-01,-6.130388472229242325e-03,2.434563066344708204e-05,6.128579843789339066e-03,9.997684955596923828e-01,2.064180001616477966e-02,-1.508822169853374362e-04,-2.064126357436180115e-02,9.997872710227966309e-01
9.999829530715942383e-01,-5.843742750585079193e-03,4.843150236411020160e-05,5.841501988470554352e-03,9.997704029083251953e-01,2.061649039387702942e-02,-1.688978518359363079e-04,-2.061585709452629089e-02,9.997874498367309570e-01
9.999846816062927246e-01,-5.548521410673856735e-03,-2.329590206500142813e-04,5.552159156650304794e-03,9.997696876525878906e-01,2.073486521840095520e-02,1.178575039375573397e-04,-2.073583751916885376e-02,9.997850656509399414e-01
9.999992847442626953e-01,-1.197771634906530380e-03,1.292215456487610936e-04,1.194813055917620659e-03,9.997813701629638672e-01,2.087558247148990631e-02,-1.541974634164944291e-04,-2.087541110813617706e-02,9.997820854187011719e-01
9.999958872795104980e-01,2.732957014814019203e-03,6.544296629726886749e-04,-2.745979698374867439e-03,9.997796416282653809e-01,2.080175653100013733e-02,-5.974352825433015823e-04,-2.080347016453742981e-02,9.997832179069519043e-01
9.999794960021972656e-01,6.345647852867841721e-03,1.064046984538435936e-03,-6.366306450217962265e-03,9.997658729553222656e-01,2.068843320012092590e-02,-9.325161227025091648e-04,-2.069477736949920654e-02,9.997856020927429199e-01
9.999532103538513184e-01,9.664478711783885956e-03,9.602552745491266251e-04,-9.682380594313144684e-03,9.997366666793823242e-01,2.082178369164466858e-02,-7.587703876197338104e-04,-2.083009853959083557e-02,9.997830986976623535e-01
9.999188184738159180e-01,1.271570660173892975e-02,1.030002487823367119e-03,-1.273419521749019623e-02,9.997078776359558105e-01,2.055281773209571838e-02,-7.683577714487910271e-04,-2.056426182389259338e-02,9.997884631156921387e-01
9.999344348907470703e-01,1.142803486436605453e-02,8.648592047393321991e-04,-1.144349854439496994e-02,9.997201561927795410e-01,2.071120217442512512e-02,-6.279287626966834068e-04,-2.071974053978919983e-02,9.997852444648742676e-01
9.999474287033081055e-01,1.026274077594280243e-02,6.637645419687032700e-04,-1.027424819767475128e-02,9.997348189353942871e-01,2.062398195266723633e-02,-4.519297508522868156e-04,-2.062971144914627075e-02,9.997873902320861816e-01
9.999579191207885742e-01,9.189386852085590363e-03,6.180855561979115009e-04,-9.200318716466426849e-03,9.997385740280151367e-01,2.094667404890060425e-02,-4.254367086105048656e-04,-2.095147222280502319e-02,9.997807145118713379e-01
9.999662637710571289e-01,8.199723437428474426e-03,4.011377459391951561e-04,-8.206397294998168945e-03,9.997404217720031738e-01,2.125162445008754730e-02,-2.267761738039553165e-04,-2.125419862568378448e-02,9.997740387916564941e-01
9.999743700027465820e-01,7.172915618866682053e-03,4.183530109003186226e-04,-7.180071901530027390e-03,9.997575879096984863e-01,2.082295157015323639e-02,-2.688902895897626877e-04,-2.082541771233081818e-02,9.997832775115966797e-01
9.999476671218872070e-01,1.023283135145902634e-02,4.668684559874236584e-04,-1.024025771766901016e-02,9.997370839118957520e-01,2.052214741706848145e-02,-2.567460178397595882e-04,-2.052585035562515259e-02,9.997894167900085449e-01
9.999138712882995605e-01,1.313970796763896942e-02,1.608397287782281637e-04,-1.314021833240985870e-02,9.996988773345947266e-01,2.073407545685768127e-02,1.116484054364264011e-04,-2.073439955711364746e-02,9.997852444648742676e-01
9.998766779899597168e-01,1.571826264262199402e-02,1.775431446731090546e-04,-1.571855321526527405e-02,9.996600151062011719e-01,2.081423066556453705e-02,1.496807672083377838e-04,-2.081445045769214630e-02,9.997835755348205566e-01
9.998367428779602051e-01,1.807447895407676697e-02,2.243529015686362982e-04,-1.807526126503944397e-02,9.996237754821777344e-01,2.063683234155178070e-02,1.487315166741609573e-04,-2.063751406967639923e-02,9.997871518135070801e-01
9.997949004173278809e-01,2.026026695966720581e-02,-1.453140139346942306e-04,-2.025291696190834045e-02,9.995806813240051270e-01,2.070215716958045959e-02,5.646842182613909245e-04,-2.069496363401412964e-02,9.997858405113220215e-01
9.998301863670349121e-01,1.842311583459377289e-02,-5.706848460249602795e-04,-1.840722374618053436e-02,9.996133446693420410e-01,2.084460482001304626e-02,9.544867207296192646e-04,-2.083056047558784485e-02,9.997826218605041504e-01
9.998533129692077637e-01,1.711301505565643311e-02,-5.087568424642086029e-04,-1.709894463419914246e-02,9.996423721313476562e-01,2.055671066045761108e-02,8.603621972724795341e-04,-2.054499834775924683e-02,9.997884631156921387e-01
9.998791813850402832e-01,1.556150987744331360e-02,-2.699468750506639481e-04,-1.555285230278968811e-02,9.996742010116577148e-01,2.025375701487064362e-02,5.850378074683248997e-04,-2.024710364639759064e-02,9.997951388359069824e-01
9.998991489410400391e-01,1.419158000499010086e-02,-2.907147863879799843e-04,-1.418243814259767532e-02,9.996820688247680664e-01,2.084310352802276611e-02,5.864189588464796543e-04,-2.083688229322433472e-02,9.997826218605041504e-01
9.999185800552368164e-01,1.278324518352746964e-02,-3.918875881936401129e-04,-1.277211587876081467e-02,9.996956586837768555e-01,2.112326771020889282e-02,6.617920007556676865e-04,-2.111653611063957214e-02,9.997771978378295898e-01
9.999530315399169922e-01,9.675866924226284027e-03,-8.761897333897650242e-04,-9.655552916228771210e-03,9.997372627258300781e-01,2.080075629055500031e-02,1.077224616892635822e-03,-2.079131267964839935e-02,9.997835159301757812e-01
9.999759197235107422e-01,6.913960911333560944e-03,-1.062207622453570366e-03,-6.890529766678810120e-03,9.997629523277282715e-01,2.067192830145359039e-02,1.204880187287926674e-03,-2.066410519182682037e-02,9.997861385345458984e-01
9.999900460243225098e-01,4.354637116193771362e-03,-1.151571283116936684e-03,-4.329858347773551941e-03,9.997763633728027344e-01,2.070912532508373260e-02,1.241494202986359596e-03,-2.070392854511737823e-02,9.997850656509399414e-01
9.999971985816955566e-01,2.043834887444972992e-03,-1.134933787398040295e-03,-2.019801642745733261e-03,9.997817873954772949e-01,2.078801020979881287e-02,1.177173457108438015e-03,-2.078565955162048340e-02,9.997832179069519043e-01
9.999992847442626953e-01,-1.081938171410001814e-04,-1.130050746724009514e-03,1.314091205131262541e-04,9.997884631156921387e-01,2.056375890970230103e-02,1.127586932852864265e-03,-2.056389302015304565e-02,9.997878074645996094e-01
9.999996423721313477e-01,-2.684361534193158150e-04,-8.635243866592645645e-04,2.860928652808070183e-04,9.997895956039428711e-01,2.051253989338874817e-02,8.578363340348005295e-04,-2.051277831196784973e-02,9.997892975807189941e-01
9.999998211860656738e-01,-4.029842093586921692e-04,-7.541782106272876263e-04,4.185320576652884483e-04,9.997852444648742676e-01,2.073029242455959320e-02,7.456620805896818638e-04,-2.073060162365436554e-02,9.997850060462951660e-01
9.999995231628417969e-01,-5.486277514137327671e-04,-6.216542678885161877e-04,5.614576512016355991e-04,9.997827410697937012e-01,2.082964964210987091e-02,6.100915488786995411e-04,-2.082999236881732941e-02,9.997827410697937012e-01
9.999998211860656738e-01,-7.008886896073818207e-04,-6.349752075038850307e-04,7.139507215470075607e-04,9.997834563255310059e-01,2.080982923507690430e-02,6.202521617524325848e-04,-2.081027254462242126e-02,9.997835159301757812e-01
9.999996423721313477e-01,1.017458271235227585e-03,-7.961163646541535854e-04,-1.000772695988416672e-03,9.997859597206115723e-01,2.068576589226722717e-02,8.169925422407686710e-04,-2.068495005369186401e-02,9.997861981391906738e-01
9.999964833259582520e-01,2.614388940855860710e-03,-9.360373369418084621e-04,-2.594504738226532936e-03,9.997837543487548828e-01,2.064873091876506805e-02,9.898184798657894135e-04,-2.064622379839420319e-02,9.997866749763488770e-01
9.999911785125732422e-01,4.144316073507070541e-03,-8.653386030346155167e-04,-4.125414881855249405e-03,9.997751116752624512e-01,2.080760896205902100e-02,9.513772092759609222e-04,-2.080385386943817139e-02,9.997832179069519043e-01
9.999850392341613770e-01,5.507704801857471466e-03,-5.731775891035795212e-04,-5.494218319654464722e-03,9.997574687004089355e-01,2.134201489388942719e-02,6.905838381499052048e-04,-2.133853919804096222e-02,9.997724294662475586e-01
9.999778270721435547e-01,6.639310158789157867e-03,-4.476688627619296312e-04,-6.628272123634815216e-03,9.997512102127075195e-01,2.129471302032470703e-02,5.889396998099982738e-04,-2.129127457737922668e-02,9.997730851173400879e-01
9.999830126762390137e-01,5.862481426447629929e-03,-5.136015824973583221e-04,-5.850132089108228683e-03,9.997536540031433105e-01,2.142585627734661102e-02,6.390835624188184738e-04,-2.142248116433620453e-02,9.997706413269042969e-01
9.999866485595703125e-01,5.123830866068601608e-03,-7.301130099222064018e-04,-5.107196513563394547e-03,9.997621178627014160e-01,2.120682224631309509e-02,8.385994005948305130e-04,-2.120281010866165161e-02,9.997749328613281250e-01
9.999895691871643066e-01,4.485115408897399902e-03,-5.627476493827998638e-04,-4.471966996788978577e-03,9.997581839561462402e-01,2.152092754840850830e-02,6.591355777345597744e-04,-2.151818946003913879e-02,9.997680187225341797e-01
9.999924898147583008e-01,3.840310499072074890e-03,-6.210188148543238640e-04,-3.826079890131950378e-03,9.997618198394775391e-01,2.148871682584285736e-02,7.033941801637411118e-04,-2.148617990314960480e-02,9.997689127922058105e-01
9.999946355819702148e-01,3.248866181820631027e-03,-6.271431338973343372e-04,-3.234702162444591522e-03,9.997658729553222656e-01,2.140009030699729919e-02,6.965222419239580631e-04,-2.139794453978538513e-02,9.997708797454833984e-01
9.999995827674865723e-01,9.984420612454414368e-04,-6.575203151442110538e-04,-9.842433501034975052e-04,9.997739791870117188e-01,2.125184610486030579e-02,6.785902078263461590e-04,-2.125118300318717957e-02,9.997742176055908203e-01
9.999995231628417969e-01,-1.010830397717654705e-03,-8.325530798174440861e-04,1.028410508297383785e-03,9.997709989547729492e-01,2.139342390000820160e-02,8.107369649223983288e-04,-2.139426209032535553e-02,9.997711777687072754e-01
9.999949932098388672e-01,-2.946662949398159981e-03,-1.096763298846781254e-03,2.969315042719244957e-03,9.997695684432983398e-01,2.125927433371543884e-02,1.033866661600768566e-03,-2.126242592930793762e-02,9.997733235359191895e-01
9.999883174896240234e-01,-4.719638731330633163e-03,-1.068619894795119762e-03,4.741158802062273026e-03,9.997656941413879395e-01,2.112141996622085571e-02,9.686840348877012730e-04,-2.112624049186706543e-02,9.997763633728027344e-01
9.999795556068420410e-01,-6.285089068114757538e-03,-9.867672342807054520e-04,6.304582580924034119e-03,9.997555613517761230e-01,2.118140086531639099e-02,8.533992804586887360e-04,-2.118719369173049927e-02,9.997749328613281250e-01
9.999894499778747559e-01,-4.551936872303485870e-03,-1.065565622411668301e-03,4.573329351842403412e-03,9.997690320014953613e-01,2.101738937199115753e-02,9.696493507362902164e-04,-2.102203108370304108e-02,9.997789263725280762e-01
9.999953508377075195e-01,-2.923968480899930000e-03,-8.075626101344823837e-04,2.940497128292918205e-03,9.997690320014953613e-01,2.128691785037517548e-02,7.451338460668921471e-04,-2.128919400274753571e-02,9.997730255126953125e-01
9.999988675117492676e-01,-1.452287426218390465e-03,-5.227337824180722237e-04,1.463046530261635780e-03,9.997740983963012695e-01,2.120659127831459045e-02,4.918175982311367989e-04,-2.120733261108398438e-02,9.997750520706176758e-01
1.000000119209289551e+00,-8.182841702364385128e-05,-2.811130543705075979e-04,8.769927080720663071e-05,9.997807145118713379e-01,2.094819955527782440e-02,2.793371968436986208e-04,-2.094822190701961517e-02,9.997806549072265625e-01
9.999991655349731445e-01,1.261555473320186138e-03,-2.973966766148805618e-04,-1.255059032700955868e-03,9.997804760932922363e-01,2.091681398451328278e-02,3.237191122025251389e-04,-2.091642282903194427e-02,9.997811913490295410e-01
9.999995231628417969e-01,9.988134261220693588e-04,-2.349182323087006807e-04,-9.936979040503501892e-04,9.997821450233459473e-01,2.085140533745288849e-02,2.556937106419354677e-04,-2.085115946829319000e-02,9.997825622558593750e-01
9.999997615814208984e-01,6.808929610997438431e-04,-1.274781971005722880e-04,-6.780965486541390419e-04,9.997837543487548828e-01,2.078291028738021851e-02,1.416015584254637361e-04,-2.078281715512275696e-02,9.997839927673339844e-01
1.000000000000000000e+00,3.998981846962124109e-04,3.104919451288878918e-04,-4.062788502778857946e-04,9.997830986976623535e-01,2.082946151494979858e-02,-3.020949079655110836e-04,-2.082958444952964783e-02,9.997830986976623535e-01
1.000000119209289551e+00,1.369619567412883043e-04,3.544698411133140326e-04,-1.444369845557957888e-04,9.997759461402893066e-01,2.117451652884483337e-02,-3.514902491588145494e-04,-2.117456495761871338e-02,9.997758865356445312e-01
1.000000119209289551e+00,-1.553200709167867899e-04,2.943505824077874422e-04,1.491122529841959476e-04,9.997802376747131348e-01,2.097379788756370544e-02,-2.975435054395347834e-04,-2.097375318408012390e-02,9.997801780700683594e-01
1.000000119209289551e+00,-3.908019862137734890e-04,3.254318144172430038e-04,3.838124102912843227e-04,9.997752308845520020e-01,2.120787836611270905e-02,-3.336466616019606590e-04,-2.120775170624256134e-02,9.997752308845520020e-01
1.000000000000000000e+00,-6.681435625068843365e-04,2.693457354325801134e-04,6.624237284995615482e-04,9.997857213020324707e-01,2.070428989827632904e-02,-2.831213932950049639e-04,-2.070410735905170441e-02,9.997859001159667969e-01
9.999994635581970215e-01,-8.559455745853483677e-04,2.945530868601053953e-04,8.496250375173985958e-04,9.997826218605041504e-01,2.082776091992855072e-02,-3.123164933640509844e-04,-2.082750387489795685e-02,9.997829198837280273e-01
9.999994039535522461e-01,-1.051801489666104317e-03,3.609143313951790333e-04,1.044092699885368347e-03,9.997845292091369629e-01,2.073297835886478424e-02,-3.826435422524809837e-04,-2.073258720338344574e-02,9.997850060462951660e-01
9.999992847442626953e-01,-1.161548891104757786e-03,2.610270748846232891e-04,1.155791687779128551e-03,9.997773766517639160e-01,2.106834948062896729e-02,-2.854408812709152699e-04,-2.106803283095359802e-02,9.997779726982116699e-01
9.999995231628417969e-01,-1.313977292738854885e-03,1.761927851475775242e-04,1.309909275732934475e-03,9.997708797454833984e-01,2.138390950858592987e-02,-2.042503037955611944e-04,-2.138365991413593292e-02,9.997717142105102539e-01
9.999987483024597168e-01,-1.523555140011012554e-03,1.702181180007755756e-04,1.519649638794362545e-03,9.997787475585937500e-01,2.097540535032749176e-02,-2.021376567427068949e-04,-2.097512222826480865e-02,9.997798800468444824e-01
9.999989271163940430e-01,-1.657019136473536491e-03,1.567269209772348404e-04,1.653350424021482468e-03,9.997770786285400391e-01,2.106269635260105133e-02,-1.915932225529104471e-04,-2.106240950524806976e-02,9.997784495353698730e-01
9.999983310699462891e-01,-1.782645471394062042e-03,9.033592505147680640e-07,1.782229868695139885e-03,9.997758865356445312e-01,2.109169960021972656e-02,-3.850217763101682067e-05,-2.109166607260704041e-02,9.997774958610534668e-01
9.999982118606567383e-01,-1.917336252517998219e-03,-7.245394226629287004e-05,1.918437308631837368e-03,9.997761249542236328e-01,2.107300609350204468e-02,3.203368396498262882e-05,-2.107310667634010315e-02,9.997779726982116699e-01
9.999941587448120117e-01,-3.506540786474943161e-03,-1.336029235972091556e-04,3.508584573864936829e-03,9.997696876525878906e-01,2.118746563792228699e-02,5.927741221967153251e-05,-2.118780463933944702e-02,9.997758269309997559e-01
9.999877214431762695e-01,-4.985169507563114166e-03,-1.288620696868747473e-04,4.986785352230072021e-03,9.997584819793701172e-01,2.140942960977554321e-02,2.210129605373367667e-05,-2.140980586409568787e-02,9.997709393501281738e-01
9.999795556068420410e-01,-6.416741758584976196e-03,-3.754579229280352592e-04,6.423271261155605316e-03,9.997537732124328613e-01,2.125055156648159027e-02,2.390061126789078116e-04,-2.125252597033977509e-02,9.997743368148803711e-01
9.999701976776123047e-01,-7.720490451902151108e-03,-3.610504791140556335e-04,7.726358715444803238e-03,9.997509121894836426e-01,2.094130031764507294e-02,1.992834149859845638e-04,-2.094346471130847931e-02,9.997806549072265625e-01
9.999603629112243652e-01,-8.920958265662193298e-03,-3.786132147070020437e-04,8.926926180720329285e-03,9.997416138648986816e-01,2.091652154922485352e-02,1.919198839459568262e-04,-2.091906592249870300e-02,9.997813701629638672e-01
9.999631643295288086e-01,-8.575754240155220032e-03,-3.336461377330124378e-04,8.580807596445083618e-03,9.997509121894836426e-01,2.060306258499622345e-02,1.568762236274778843e-04,-2.060516737401485443e-02,9.997876286506652832e-01
9.999662637710571289e-01,-8.226470090448856354e-03,-2.131782530341297388e-04,8.229103870689868927e-03,9.997594356536865234e-01,2.033640444278717041e-02,4.583012923831120133e-05,-2.033746987581253052e-02,9.997932910919189453e-01
9.999692440032958984e-01,-7.854646071791648865e-03,-2.890712930820882320e-04,7.858907803893089294e-03,9.997611045837402344e-01,2.039964124560356140e-02,1.287702471017837524e-04,-2.040128409862518311e-02,9.997919797897338867e-01
9.999718666076660156e-01,-7.505306974053382874e-03,-4.172020708210766315e-04,7.512247189879417419e-03,9.997645020484924316e-01,2.036485634744167328e-02,2.642592880874872208e-04,-2.036741562187671661e-02,9.997926354408264160e-01
9.999839067459106445e-01,-5.711291451007127762e-03,-2.741290372796356678e-04,5.715698469430208206e-03,9.997754096984863281e-01,2.041795104742050171e-02,1.574545312905684114e-04,-2.041918411850929260e-02,9.997917413711547852e-01
9.999918341636657715e-01,-4.095279145985841751e-03,-1.011014246614649892e-04,4.096491727977991104e-03,9.997808933258056641e-01,2.053955197334289551e-02,1.696405888651497662e-05,-2.053979411721229553e-02,9.997892975807189941e-01
9.999967217445373535e-01,-2.577548380941152573e-03,-1.521526282886043191e-04,2.580119762569665909e-03,9.997878074645996094e-01,2.043873630464076996e-02,9.943851182470098138e-05,-2.043906040489673615e-02,9.997911453247070312e-01
9.999994039535522461e-01,-1.139946747571229935e-03,1.764284534147009254e-04,1.136069186031818390e-03,9.997870922088623047e-01,2.060595527291297913e-02,-1.998805819312110543e-04,-2.060574293136596680e-02,9.997877478599548340e-01
1.000000000000000000e+00,1.860803604358807206e-04,2.412124886177480221e-04,-1.910150604089722037e-04,9.997873306274414062e-01,2.062191627919673920e-02,-2.373238676227629185e-04,-2.062196098268032074e-02,9.997873306274414062e-01
9.999992251396179199e-01,1.415037899278104305e-03,2.733197761699557304e-04,-1.420373213477432728e-03,9.997866749763488770e-01,2.062087692320346832e-02,-2.440820680931210518e-04,-2.062124200165271759e-02,9.997876286506652832e-01
9.999967813491821289e-01,2.589755924418568611e-03,1.702148292679339647e-04,-2.592721255496144295e-03,9.997830390930175781e-01,2.067361213266849518e-02,-1.166382789961062372e-04,-2.067398466169834137e-02,9.997863769531250000e-01
9.999942183494567871e-01,3.399205161258578300e-03,2.467134327162057161e-04,-3.403563750907778740e-03,9.997823238372802734e-01,2.058585360646247864e-02,-1.766842033248394728e-04,-2.058657258749008179e-02,9.997881054878234863e-01
9.999902844429016113e-01,4.432463552802801132e-03,1.768771762726828456e-04,-4.435169044882059097e-03,9.997775554656982422e-01,2.062416635453701019e-02,-8.542193972971290350e-05,-2.062474749982357025e-02,9.997873902320861816e-01
9.999855160713195801e-01,5.396383814513683319e-03,9.132074774242937565e-05,-5.397121421992778778e-03,9.997744560241699219e-01,2.054495550692081451e-02,1.956832784344442189e-05,-2.054514922201633453e-02,9.997889995574951172e-01
9.999796152114868164e-01,6.386336870491504669e-03,3.578858377295546234e-05,-6.385733373463153839e-03,9.997706413269042969e-01,2.044380828738212585e-02,9.478065476287156343e-05,-2.044361829757690430e-02,9.997910261154174805e-01
9.999732971191406250e-01,7.327265106141567230e-03,1.154635247075930238e-04,-7.328088395297527313e-03,9.997608661651611328e-01,2.060966379940509796e-02,3.557658419595099986e-05,-2.060995809733867645e-02,9.997876882553100586e-01
9.999669194221496582e-01,8.129843510687351227e-03,3.391491190996021032e-04,-8.135098032653331757e-03,9.997556805610656738e-01,2.055631205439567566e-02,-1.719466235954314470e-04,-2.055839076638221741e-02,9.997887015342712402e-01
9.999601244926452637e-01,8.918026462197303772e-03,3.106122603639960289e-04,-8.922543376684188843e-03,9.997460842132568359e-01,2.068900875747203827e-02,-1.260282879229635000e-04,-2.069095708429813385e-02,9.997859001159667969e-01
9.999530911445617676e-01,9.651417843997478485e-03,6.234939210116863251e-04,-9.662176482379436493e-03,9.997428655624389648e-01,2.050805464386940002e-02,-4.254018422216176987e-04,-2.051312103867530823e-02,9.997893571853637695e-01
9.999467730522155762e-01,1.030307449400424957e-02,5.678369780071079731e-04,-1.031253486871719360e-02,9.997376203536987305e-01,2.045548148453235626e-02,-3.569336258806288242e-04,-2.046024985611438751e-02,9.997906088829040527e-01
9.999405145645141602e-01,1.092197932302951813e-02,5.518898833543062210e-04,-1.093091070652008057e-02,9.997359514236450195e-01,2.023014239966869354e-02,-3.307907609269022942e-04,-2.023496665060520172e-02,9.997955560684204102e-01
9.999336004257202148e-01,1.149671059101819992e-02,8.532356005162000656e-04,-1.151163410395383835e-02,9.997287392616271973e-01,2.025112695991992950e-02,-6.201827200129628181e-04,-2.025960199534893036e-02,9.997946023941040039e-01
9.999269247055053711e-01,1.206805463880300522e-02,1.033684937283396721e-03,-1.208632159978151321e-02,9.997271895408630371e-01,2.000195719301700592e-02,-7.920179632492363453e-04,-2.001298405230045319e-02,9.997997283935546875e-01
9.999201893806457520e-01,1.262343209236860275e-02,9.941296884790062904e-04,-1.264075655490159988e-02,9.997214078903198242e-01,1.994981989264488220e-02,-7.420172332786023617e-04,-1.996078714728355408e-02,9.998008608818054199e-01
9.999283552169799805e-01,1.193344499915838242e-02,1.032522297464311123e-03,-1.195170450955629349e-02,9.997288584709167480e-01,1.998933218419551849e-02,-7.937006885185837746e-04,-2.000023983418941498e-02,9.997997879981994629e-01
9.999362826347351074e-01,1.128453202545642853e-02,7.753951358608901501e-04,-1.129791885614395142e-02,9.997315406799316406e-01,2.024343051016330719e-02,-5.467491573654115200e-04,-2.025089599192142487e-02,9.997950792312622070e-01
9.999434947967529297e-01,1.061207428574562073e-02,7.472247234545648098e-04,-1.062517240643501282e-02,9.997331500053405762e-01,2.051549963653087616e-02,-5.293132853694260120e-04,-2.052227966487407684e-02,9.997893571853637695e-01
9.999502301216125488e-01,9.942140430212020874e-03,7.192268967628479004e-04,-9.954860433936119080e-03,9.997376799583435059e-01,2.062158845365047455e-02,-5.140155553817749023e-04,-2.062772400677204132e-02,9.997869729995727539e-01
9.999568462371826172e-01,9.300307370722293854e-03,4.944542306475341320e-04,-9.308540262281894684e-03,9.997432827949523926e-01,2.066555432975292206e-02,-3.021312295459210873e-04,-2.066926099359989166e-02,9.997864961624145508e-01
9.999503493309020996e-01,9.947311133146286011e-03,6.962619954720139503e-04,-9.959710761904716492e-03,9.997312426567077637e-01,2.093774825334548950e-02,-4.878004838246852160e-04,-2.094364166259765625e-02,9.997805953025817871e-01
9.999443888664245605e-01,1.055926084518432617e-02,4.930155118927359581e-04,-1.056728512048721313e-02,9.997239708900451660e-01,2.099538594484329224e-02,-2.711835550144314766e-04,-2.099942415952682495e-02,9.997797012329101562e-01
9.999379515647888184e-01,1.112268865108489990e-02,4.825246578548103571e-04,-1.113033480942249298e-02,9.997203946113586426e-01,2.085783146321773529e-02,-2.503946016076952219e-04,-2.086191065609455109e-02,9.997822642326354980e-01
9.999317526817321777e-01,1.168253831565380096e-02,5.210806848481297493e-04,-1.169082149863243103e-02,9.997175335884094238e-01,2.069703117012977600e-02,-2.791396109387278557e-04,-2.070170640945434570e-02,9.997857809066772461e-01
9.999248981475830078e-01,1.223061606287956238e-02,6.560054025612771511e-04,-1.224150508642196655e-02,9.997142553329467773e-01,2.052556164562702179e-02,-4.047777620144188404e-04,-2.053205110132694244e-02,9.997889995574951172e-01
9.999191761016845703e-01,1.269790530204772949e-02,6.345566944219172001e-04,-1.270825229585170746e-02,9.997087717056274414e-01,2.051466144621372223e-02,-3.738786908797919750e-04,-2.052106894552707672e-02,9.997893571853637695e-01
9.999136924743652344e-01,1.312783267349004745e-02,7.032474386505782604e-04,-1.313967164605855942e-02,9.996950030326843262e-01,2.091601677238941193e-02,-4.284509341232478619e-04,-2.092344872653484344e-02,9.997810721397399902e-01
9.999089837074279785e-01,1.348047517240047455e-02,6.872855010442435741e-04,-1.349193789064884186e-02,9.996885061264038086e-01,2.100027725100517273e-02,-4.039776395075023174e-04,-2.100763842463493347e-02,9.997793436050415039e-01
9.999046921730041504e-01,1.381785050034523010e-02,4.428143147379159927e-04,-1.382413133978843689e-02,9.996803402900695801e-01,2.118297666311264038e-02,-1.499694772064685822e-04,-2.118707448244094849e-02,9.997758269309997559e-01
9.999005794525146484e-01,1.410612743347883224e-02,5.170422955416142941e-04,-1.411393377929925919e-02,9.996743798255920410e-01,2.126871794462203979e-02,-2.168546197935938835e-04,-2.127389609813690186e-02,9.997738599777221680e-01
9.998964667320251465e-01,1.436091121286153793e-02,8.521951967850327492e-04,-1.437571365386247635e-02,9.996733665466308594e-01,2.112680673599243164e-02,-5.485167494043707848e-04,-2.113687247037887573e-02,9.997763633728027344e-01
9.998930692672729492e-01,1.459289714694023132e-02,9.266763227060437202e-04,-1.460922695696353912e-02,9.996698498725891113e-01,2.113638073205947876e-02,-6.179293850436806679e-04,-2.114765718579292297e-02,9.997761845588684082e-01
9.998894929885864258e-01,1.484751701354980469e-02,7.019566255621612072e-04,-1.485903374850749969e-02,9.996663331985473633e-01,2.112537436187267303e-02,-3.880630829371511936e-04,-2.113346941769123077e-02,9.997765421867370605e-01
9.998861551284790039e-01,1.507871411740779877e-02,5.437603103928267956e-04,-1.508687250316143036e-02,9.996595978736877441e-01,2.128405123949050903e-02,-2.226391079602763057e-04,-2.128983289003372192e-02,9.997733235359191895e-01
9.998840689659118652e-01,1.521720364689826965e-02,5.852092872373759747e-04,-1.522625423967838287e-02,9.996541142463684082e-01,2.144293859601020813e-02,-2.587053459137678146e-04,-2.144936099648475647e-02,9.997699260711669922e-01
9.999136328697204590e-01,1.311656273901462555e-02,7.224940927699208260e-04,-1.312900148332118988e-02,9.996857047080993652e-01,2.135398797690868378e-02,-4.421761259436607361e-04,-2.136163227260112762e-02,9.997716546058654785e-01
9.999376535415649414e-01,1.113994233310222626e-02,7.747764466330409050e-04,-1.115383952856063843e-02,9.997141361236572266e-01,2.114893123507499695e-02,-5.389570724219083786e-04,-2.115625515580177307e-02,9.997760057449340820e-01
9.999570250511169434e-01,9.286762215197086334e-03,6.572406855411827564e-04,-9.298556484282016754e-03,9.997348189353942871e-01,2.108448557555675507e-02,-4.612595657818019390e-04,-2.108968235552310944e-02,9.997777938842773438e-01
9.999715089797973633e-01,7.527499459683895111e-03,6.483889883384108543e-04,-7.539476267993450165e-03,9.997503161430358887e-01,2.103886194527149200e-02,-4.898570477962493896e-04,-2.104314975440502167e-02,9.997785091400146484e-01
9.999826550483703613e-01,5.867606494575738907e-03,6.157645257189869881e-04,-5.879222881048917770e-03,9.997631907463073730e-01,2.095557749271392822e-02,-4.926596302539110184e-04,-2.095883339643478394e-02,9.997802376747131348e-01
9.999709129333496094e-01,7.633640896528959274e-03,6.114057614468038082e-04,-7.644740398973226547e-03,9.997531175613403320e-01,2.087195403873920441e-02,-4.519257345236837864e-04,-2.087601460516452789e-02,9.997822046279907227e-01
9.999566674232482910e-01,9.317915886640548706e-03,5.732926074415445328e-04,-9.327800944447517395e-03,9.997416734695434570e-01,2.073758095502853394e-02,-3.799133701249957085e-04,-2.074202522635459900e-02,9.997850060462951660e-01
