time,r00,r01,r02,r10,r11,r12,r20,r21,r22
5.140758514404296875e+01,1.000000000000000000e+00,0.000000000000000000e+00,0.000000000000000000e+00,0.000000000000000000e+00,1.000000000000000000e+00,0.000000000000000000e+00,0.000000000000000000e+00,0.000000000000000000e+00,1.000000000000000000e+00
5.142198562622070312e+01,9.996176362037658691e-01,1.241047866642475128e-04,-2.764808200299739838e-02,8.003553375601768494e-11,9.999898672103881836e-01,4.488688427954912186e-03,2.764836139976978302e-02,-4.486972000449895859e-03,9.996075630187988281e-01
5.143744659423828125e+01,9.990295767784118652e-01,2.302250941284000874e-04,-4.404875636100769043e-02,-2.110027708113193512e-10,9.999865889549255371e-01,5.226520821452140808e-03,4.404935985803604126e-02,-5.221447907388210297e-03,9.990159273147583008e-01
5.147586059570312500e+01,9.990146756172180176e-01,7.903671357780694962e-04,-4.437350854277610779e-02,2.910383045673370361e-11,9.998413920402526855e-01,1.780886389315128326e-02,4.438054934144020081e-02,-1.779131777584552765e-02,9.988562464714050293e-01
5.151406860351562500e+01,9.995828270912170410e-01,1.427067036274820566e-04,-2.889146655797958374e-02,2.255546860396862030e-10,9.999880790710449219e-01,4.939354956150054932e-03,2.889182046055793762e-02,-4.937293007969856262e-03,9.995706081390380859e-01
5.152849960327148438e+01,9.995757937431335449e-01,2.164011239074170589e-04,-2.912511304020881653e-02,-6.548361852765083313e-11,9.999724626541137695e-01,7.429845631122589111e-03,2.912591770291328430e-02,-7.426693104207515717e-03,9.995481967926025391e-01
5.154382324218750000e+01,9.996337294578552246e-01,3.171499702148139477e-04,-2.706550061702728271e-02,-1.455191522836685181e-11,9.999315142631530762e-01,1.171706430613994598e-02,2.706735953688621521e-02,-1.171277090907096863e-02,9.995651245117187500e-01
5.158234024047851562e+01,9.999932050704956055e-01,-1.027880571200512350e-04,3.708141157403588295e-03,-1.091393642127513885e-10,9.996160864830017090e-01,2.770895138382911682e-02,-3.709565615281462669e-03,-2.770876139402389526e-02,9.996092319488525391e-01
5.162073516845703125e+01,9.986650943756103516e-01,-2.829813864082098007e-03,5.156707018613815308e-02,-2.328306436538696289e-10,9.984972476959228516e-01,5.479392781853675842e-02,-5.164465308189392090e-02,-5.472080782055854797e-02,9.971647858619689941e-01
5.163505554199218750e+01,9.981132745742797852e-01,-3.487940412014722824e-03,6.130402162671089172e-02,1.164153218269348145e-10,9.983855485916137695e-01,5.680392310023307800e-02,-6.140316650271415710e-02,-5.669673904776573181e-02,9.965016841888427734e-01
5.165048599243164062e+01,9.977490305900573730e-01,-3.962431102991104126e-03,6.693800538778305054e-02,-2.328306436538696289e-10,9.982522726058959961e-01,5.909207835793495178e-02,-6.705518811941146851e-02,-5.895907804369926453e-02,9.960054755210876465e-01
5.168887710571289062e+01,9.990339279174804688e-01,-2.374240430071949959e-03,4.388105124235153198e-02,0.000000000000000000e+00,9.985394477844238281e-01,5.402725189924240112e-02,-4.394523799419403076e-02,-5.397506058216094971e-02,9.975748062133789062e-01
5.172730636596679688e+01,9.999843239784240723e-01,-3.526073996908962727e-04,5.664997268468141556e-03,6.984919309616088867e-10,9.980689287185668945e-01,6.212283298373222351e-02,-5.675960797816514969e-03,-6.212183460593223572e-02,9.980528354644775391e-01
5.174149703979492188e+01,9.999935626983642578e-01,2.392636670265346766e-04,-3.565576625987887383e-03,7.275957614183425903e-12,9.977560639381408691e-01,6.695321202278137207e-02,3.573595313355326653e-03,-6.695277988910675049e-02,9.977496862411499023e-01
5.175692749023437500e+01,9.999170899391174316e-01,8.338395273312926292e-04,-1.285854913294315338e-02,-2.910383045673370361e-11,9.979041218757629395e-01,6.471117585897445679e-02,1.288555748760700226e-02,-6.470579653978347778e-02,9.978212714195251465e-01
5.179534149169921875e+01,9.998886585235595703e-01,1.377703156322240829e-03,-1.487124431878328323e-02,0.000000000000000000e+00,9.957363009452819824e-01,9.224708378314971924e-02,1.493492443114519119e-02,-9.223680198192596436e-02,9.956252574920654297e-01
5.183371353149414062e+01,9.999690651893615723e-01,-9.005140746012330055e-04,7.819632999598979950e-03,-2.037268131971359253e-10,9.934343099594116211e-01,1.144045740365982056e-01,-7.871313951909542084e-03,-1.144010275602340698e-01,9.934035539627075195e-01
5.184803009033203125e+01,9.998753070831298828e-01,-1.824691775254905224e-03,1.569310575723648071e-02,-1.164153218269348145e-10,9.933081269264221191e-01,1.154953837394714355e-01,-1.579882949590682983e-02,-1.154809743165969849e-01,9.931841492652893066e-01
5.186332702636718750e+01,9.997361898422241211e-01,-2.706242725253105164e-03,2.282257564365863800e-02,-1.164153218269348145e-10,9.930433034896850586e-01,1.177525073289871216e-01,-2.298246510326862335e-02,-1.177214086055755615e-01,9.927809834480285645e-01
5.190179443359375000e+01,9.990843534469604492e-01,-5.331236869096755981e-03,4.245638102293014526e-02,-2.328306436538696289e-10,9.922083616256713867e-01,1.245913505554199219e-01,-4.278979450464248657e-02,-1.244772374629974365e-01,9.912996292114257812e-01
5.190253829956054688e+01,9.990730881690979004e-01,-5.367376375943422318e-03,4.271310195326805115e-02,0.000000000000000000e+00,9.921970367431640625e-01,1.246805936098098755e-01,-4.304901883006095886e-02,-1.245650053024291992e-01,9.912772774696350098e-01
5.190320587158203125e+01,9.990629553794860840e-01,-5.399518646299839020e-03,4.294116422533988953e-02,0.000000000000000000e+00,9.921869635581970215e-01,1.247598156332969666e-01,-4.327930882573127747e-02,-1.246429160237312317e-01,9.912572503089904785e-01
5.190386962890625000e+01,9.990531802177429199e-01,-5.431564524769783020e-03,4.316830262541770935e-02,0.000000000000000000e+00,9.921771883964538574e-01,1.248386874794960022e-01,-4.350866749882698059e-02,-1.247204765677452087e-01,9.912376403808593750e-01
5.190451431274414062e+01,9.990426898002624512e-01,-5.461205262690782547e-03,4.340850934386253357e-02,0.000000000000000000e+00,9.921789169311523438e-01,1.248255670070648193e-01,-4.375069960951805115e-02,-1.247060447931289673e-01,9.912288784980773926e-01
5.190517425537109375e+01,9.990319013595581055e-01,-5.491271615028381348e-03,4.365224018692970276e-02,0.000000000000000000e+00,9.921805858612060547e-01,1.248122155666351318e-01,-4.399627074599266052e-02,-1.246913522481918335e-01,9.912198781967163086e-01
5.190583038330078125e+01,9.990211129188537598e-01,-5.521165207028388977e-03,4.389462620019912720e-02,-2.328306436538696289e-10,9.921822547912597656e-01,1.247989162802696228e-01,-4.424049705266952515e-02,-1.246767267584800720e-01,9.912108182907104492e-01
5.190649414062500000e+01,9.990103244781494141e-01,-5.551068112254142761e-03,4.413715377449989319e-02,-2.328306436538696289e-10,9.921840429306030273e-01,1.247855946421623230e-01,-4.448485746979713440e-02,-1.246620640158653259e-01,9.912018179893493652e-01
5.190714263916015625e+01,9.989992380142211914e-01,-5.580123513936996460e-03,4.437285661697387695e-02,2.328306436538696289e-10,9.921851754188537598e-01,1.247725859284400940e-01,-4.472234845161437988e-02,-1.246477439999580383e-01,9.911924600601196289e-01
5.190781784057617188e+01,9.989886879920959473e-01,-5.610267166048288345e-03,4.461745917797088623e-02,0.000000000000000000e+00,9.921873807907104492e-01,1.247591301798820496e-01,-4.496879875659942627e-02,-1.246329173445701599e-01,9.911836385726928711e-01
5.190847778320312500e+01,9.989777207374572754e-01,-5.639654584228992462e-03,4.485598951578140259e-02,-2.328306436538696289e-10,9.921888709068298340e-01,1.247459426522254944e-01,-4.520913213491439819e-02,-1.246183887124061584e-01,9.911743998527526855e-01
5.190913772583007812e+01,9.989669322967529297e-01,-5.668785423040390015e-03,4.509248584508895874e-02,2.328306436538696289e-10,9.921905994415283203e-01,1.247328519821166992e-01,-4.544741660356521606e-02,-1.246039718389511108e-01,9.911653995513916016e-01
5.190978622436523438e+01,9.989562630653381348e-01,-5.697308108210563660e-03,4.532412067055702209e-02,-2.328306436538696289e-10,9.921921491622924805e-01,1.247200071811676025e-01,-4.568079486489295959e-02,-1.245898157358169556e-01,9.911563396453857422e-01
5.194811630249023438e+01,9.993128776550292969e-01,-4.843136295676231384e-03,3.675332292914390564e-02,-2.328306436538696289e-10,9.914295077323913574e-01,1.306447088718414307e-01,-3.707105293869972229e-02,-1.305549144744873047e-01,9.907479882240295410e-01
5.196231460571289062e+01,9.993940591812133789e-01,-4.524490796029567719e-03,3.451487794518470764e-02,-6.984919309616088867e-10,9.915172457695007324e-01,1.299761533737182617e-01,-3.481016680598258972e-02,-1.298973858356475830e-01,9.909163117408752441e-01
5.197777938842773438e+01,9.993842840194702148e-01,-4.549406934529542923e-03,3.479431942105293274e-02,0.000000000000000000e+00,9.915602803230285645e-01,1.296479105949401855e-01,-3.509047999978065491e-02,-1.295680701732635498e-01,9.909496307373046875e-01
5.201612854003906250e+01,9.997795820236206055e-01,-2.588521689176559448e-03,2.083558775484561920e-02,3.492459654808044434e-10,9.923709630966186523e-01,1.232877820730209351e-01,-2.099576406180858612e-02,-1.232606023550033569e-01,9.921522140502929688e-01
5.205451202392578125e+01,9.993506073951721191e-01,-4.118295386433601379e-03,3.579454496502876282e-02,-2.328306436538696289e-10,9.934462308883666992e-01,1.142996996641159058e-01,-3.603067621588706970e-02,-1.142254769802093506e-01,9.928011894226074219e-01
5.206887054443359375e+01,9.991109371185302734e-01,-4.675242584198713303e-03,4.189696535468101501e-02,4.656612873077392578e-10,9.938314557075500488e-01,1.109007000923156738e-01,-4.215701296925544739e-02,-1.108021140098571777e-01,9.929479360580444336e-01
5.208418273925781250e+01,9.988180994987487793e-01,-5.309815052896738052e-03,4.831666871905326843e-02,4.656612873077392578e-10,9.940156936645507812e-01,1.092384681105613708e-01,-4.860755428671836853e-02,-1.091093495488166809e-01,9.928407073020935059e-01
5.212268066406250000e+01,9.985593557357788086e-01,-5.669540725648403168e-03,5.336016416549682617e-02,9.313225746154785156e-10,9.944028854370117188e-01,1.056557297706604004e-01,-5.366051197052001953e-02,-1.055034995079040527e-01,9.929702281951904297e-01
5.216102218627929688e+01,9.976285696029663086e-01,-5.775739904493093491e-03,6.858003139495849609e-02,9.313225746154785156e-10,9.964720010757446289e-01,8.392184972763061523e-02,-6.882281601428985596e-02,-8.372285962104797363e-02,9.941092729568481445e-01
5.217538452148437500e+01,9.976201057434082031e-01,-6.062993779778480530e-03,6.868552416563034058e-02,-2.328306436538696289e-10,9.961268305778503418e-01,8.792988955974578857e-02,-6.895259767770767212e-02,-8.772061765193939209e-02,9.937559962272644043e-01
5.219084548950195312e+01,9.979608058929443359e-01,-5.616119597107172012e-03,6.358123570680618286e-02,4.656612873077392578e-10,9.961215853691101074e-01,8.798724412918090820e-02,-6.382878869771957397e-02,-8.780781924724578857e-02,9.940903186798095703e-01
5.222925949096679688e+01,9.985027313232421875e-01,-5.173687823116779327e-03,5.445912480354309082e-02,-2.328306436538696289e-10,9.955178499221801758e-01,9.457547962665557861e-02,-5.470432341098785400e-02,-9.443385899066925049e-02,9.940271377563476562e-01
5.223001480102539062e+01,9.985098838806152344e-01,-5.166633985936641693e-03,5.433110892772674561e-02,0.000000000000000000e+00,9.955091476440429688e-01,9.466824680566787720e-02,-5.457621812820434570e-02,-9.452714771032333374e-02,9.940254688262939453e-01
5.223067092895507812e+01,9.985161423683166504e-01,-5.160508677363395691e-03,5.422032624483108521e-02,2.328306436538696289e-10,9.955016970634460449e-01,9.474848955869674683e-02,-5.446535348892211914e-02,-9.460785239934921265e-02,9.940240383148193359e-01
5.223131561279296875e+01,9.985216856002807617e-01,-5.154502578079700470e-03,5.411206185817718506e-02,2.328306436538696289e-10,9.954938888549804688e-01,9.482682496309280396e-02,-5.435700714588165283e-02,-9.468663483858108521e-02,9.940221309661865234e-01
5.223194885253906250e+01,9.985213279724121094e-01,-5.156463012099266052e-03,5.411884933710098267e-02,2.328306436538696289e-10,9.954916238784790039e-01,9.485077857971191406e-02,-5.436395108699798584e-02,-9.471051394939422607e-02,9.940195083618164062e-01
5.228078460693359375e+01,9.987534880638122559e-01,-4.372616298496723175e-03,4.972172901034355164e-02,2.328306436538696289e-10,9.961553812026977539e-01,8.760365843772888184e-02,-4.991362616419792175e-02,-8.749446272850036621e-02,9.949136972427368164e-01
5.230684661865234375e+01,9.989539980888366699e-01,-3.677119500935077667e-03,4.557885974645614624e-02,1.164153218269348145e-10,9.967615008354187012e-01,8.041471987962722778e-02,-4.572694748640060425e-02,-8.033060282468795776e-02,9.957188367843627930e-01
5.232124328613281250e+01,9.988700747489929199e-01,-3.858136013150215149e-03,4.736270755529403687e-02,3.492459654808044434e-10,9.966983795166015625e-01,8.119040727615356445e-02,-4.751958698034286499e-02,-8.109869062900543213e-02,9.955723881721496582e-01
5.235953140258789062e+01,9.981518983840942383e-01,-4.274305421859025955e-03,6.062749028205871582e-02,-1.396983861923217773e-09,9.975245594978332520e-01,7.032658904790878296e-02,-6.077797710895538330e-02,-7.019657641649246216e-02,9.956804513931274414e-01
5.239797592163085938e+01,9.981517195701599121e-01,-3.278381656855344772e-03,6.068161875009536743e-02,1.164153218269348145e-10,9.985436797142028809e-01,5.394726246595382690e-02,-6.077011674642562866e-02,-5.384755879640579224e-02,9.966982007026672363e-01
5.241214752197265625e+01,9.975703954696655273e-01,-3.079749178141355515e-03,6.959661841392517090e-02,1.164153218269348145e-10,9.990223050117492676e-01,4.420815780758857727e-02,-6.966473162174224854e-02,-4.410075023770332336e-02,9.965951442718505859e-01
5.242760467529296875e+01,9.970286488533020020e-01,-3.292932175099849701e-03,7.696255296468734741e-02,1.164153218269348145e-10,9.990860223770141602e-01,4.274705052375793457e-02,-7.703296095132827759e-02,-4.262003302574157715e-02,9.961172938346862793e-01
5.242834854125976562e+01,9.970039725303649902e-01,-3.301618155092000961e-03,7.727985084056854248e-02,-1.164153218269348145e-10,9.990886449813842773e-01,4.268395155668258667e-02,-7.735034823417663574e-02,-4.255606979131698608e-02,9.960953593254089355e-01
5.242900466918945312e+01,9.969823360443115234e-01,-3.309193067252635956e-03,7.755774259567260742e-02,1.164153218269348145e-10,9.990909099578857422e-01,4.262868314981460571e-02,-7.762831449508666992e-02,-4.250004887580871582e-02,9.960760474205017090e-01
5.242966079711914062e+01,9.969606399536132812e-01,-3.316714428365230560e-03,7.783479988574981689e-02,-1.164153218269348145e-10,9.990932345390319824e-01,4.257359355688095093e-02,-7.790543138980865479e-02,-4.244419932365417480e-02,9.960567355155944824e-01
5.243030548095703125e+01,9.969397783279418945e-01,-3.324046730995178223e-03,7.810596376657485962e-02,-1.164153218269348145e-10,9.990958571434020996e-01,4.251968860626220703e-02,-7.817666977643966675e-02,-4.238955676555633545e-02,9.960381388664245605e-01
5.243095016479492188e+01,9.969196915626525879e-01,-3.346457611769437790e-03,7.836021482944488525e-02,0.000000000000000000e+00,9.990895390510559082e-01,4.266719147562980652e-02,-7.843163609504699707e-02,-4.253575578331947327e-02,9.960118532180786133e-01
5.243158340454101562e+01,9.968998432159423828e-01,-3.368529025465250015e-03,7.860981673002243042e-02,-1.164153218269348145e-10,9.990832209587097168e-01,4.281196743249893188e-02,-7.868195325136184692e-02,-4.267924278974533081e-02,9.959858655929565430e-01
5.243223571777343750e+01,9.968795180320739746e-01,-3.391200676560401917e-03,7.886537909507751465e-02,-1.164153218269348145e-10,9.990767836570739746e-01,4.296017065644264221e-02,-7.893826067447662354e-02,-4.282611235976219177e-02,9.959591627120971680e-01
5.243286132812500000e+01,9.968600869178771973e-01,-3.412907244637608528e-03,7.910928875207901001e-02,0.000000000000000000e+00,9.990706443786621094e-01,4.310158640146255493e-02,-7.918287068605422974e-02,-4.296625405550003052e-02,9.959336519241333008e-01
5.243351364135742188e+01,9.968400597572326660e-01,-3.435489721596240997e-03,7.936224341392517090e-02,-1.164153218269348145e-10,9.990644454956054688e-01,4.324821755290031433e-02,-7.943657040596008301e-02,-4.311155155301094055e-02,9.959073662757873535e-01
5.243415069580078125e+01,9.968202114105224609e-01,-3.457523416727781296e-03,7.960827648639678955e-02,0.000000000000000000e+00,9.990581870079040527e-01,4.339080303907394409e-02,-7.968331873416900635e-02,-4.325283318758010864e-02,9.958813786506652832e-01
5.243479537963867188e+01,9.968002438545227051e-01,-3.479806706309318542e-03,7.985631376504898071e-02,0.000000000000000000e+00,9.990518093109130859e-01,4.353453218936920166e-02,-7.993210107088088989e-02,-4.339523613452911377e-02,9.958551526069641113e-01
5.243543624877929688e+01,9.967803955078125000e-01,-3.501922590658068657e-03,8.010174334049224854e-02,0.000000000000000000e+00,9.990456104278564453e-01,4.367670789361000061e-02,-8.017826080322265625e-02,-4.353609308600425720e-02,9.958292245864868164e-01
5.243609237670898438e+01,9.967601895332336426e-01,-3.524526953697204590e-03,8.035181462764739990e-02,-1.164153218269348145e-10,9.990391731262207031e-01,4.382155090570449829e-02,-8.042907714843750000e-02,-4.367958009243011475e-02,9.958026409149169922e-01
5.243684005737304688e+01,9.967375397682189941e-01,-3.550203517079353333e-03,8.063494414091110229e-02,-1.164153218269348145e-10,9.990323185920715332e-01,4.398549348115921021e-02,-8.071305602788925171e-02,-4.384198784828186035e-02,9.957728385925292969e-01
5.243744659423828125e+01,9.967188239097595215e-01,-3.571021370589733124e-03,8.086375147104263306e-02,-1.164153218269348145e-10,9.990263581275939941e-01,4.411797225475311279e-02,-8.094256371259689331e-02,-4.397320747375488281e-02,9.957483410835266113e-01
5.247570037841796875e+01,9.968891143798828125e-01,-1.745478715747594833e-03,7.880160212516784668e-02,-8.149072527885437012e-10,9.997550845146179199e-01,2.214487642049789429e-02,-7.882092893123626709e-02,-2.207598090171813965e-02,9.966446161270141602e-01
5.251413726806640625e+01,9.962045550346374512e-01,-2.120798919349908829e-03,8.701860904693603516e-02,-1.164153218269348145e-10,9.997032880783081055e-01,2.436455339193344116e-02,-8.704444766044616699e-02,-2.427207678556442261e-02,9.959087967872619629e-01
5.252830123901367188e+01,9.961858987808227539e-01,-2.537836786359548569e-03,8.721793442964553833e-02,0.000000000000000000e+00,9.995768070220947266e-01,2.908533811569213867e-02,-8.725484460592269897e-02,-2.897440642118453979e-02,9.957644939422607422e-01
5.254373550415039062e+01,9.966393709182739258e-01,-2.383621875196695328e-03,8.188156038522720337e-02,-1.164153218269348145e-10,9.995767474174499512e-01,2.909828349947929382e-02,-8.191625028848648071e-02,-2.900049090385437012e-02,9.962173700332641602e-01
5.258216857910156250e+01,9.974365234375000000e-01,-7.556839846074581146e-04,7.155768573284149170e-02,-1.193257048726081848e-09,9.999446272850036621e-01,1.055991556495428085e-02,-7.156167924404144287e-02,-1.053284201771020889e-02,9.973809123039245605e-01
5.262059783935546875e+01,9.983751773834228516e-01,-5.185828194953501225e-04,5.698289349675178528e-02,3.492459654808044434e-10,9.999587535858154297e-01,9.100292809307575226e-03,-5.698525533080101013e-02,-9.085505269467830658e-03,9.983338713645935059e-01
5.263494873046875000e+01,9.985755681991577148e-01,-5.191435921005904675e-04,5.335613712668418884e-02,-1.164153218269348145e-10,9.999527931213378906e-01,9.729324840009212494e-03,-5.335866287350654602e-02,-9.715464897453784943e-03,9.985283017158508301e-01
5.265022659301757812e+01,9.984830021858215332e-01,-1.480542414356023073e-04,5.506281927227973938e-02,-2.255546860396862030e-10,9.999964833259582520e-01,2.688818611204624176e-03,-5.506302043795585632e-02,-2.684739418327808380e-03,9.984793663024902344e-01
5.268867111206054688e+01,9.979139566421508789e-01,-4.247611650498583913e-05,6.456051766872406006e-02,-1.764419721439480782e-10,9.999999403953552246e-01,6.579296896234154701e-04,-6.456053256988525391e-02,-6.565571529790759087e-04,9.979137182235717773e-01
5.272706985473632812e+01,9.972679615020751953e-01,2.502886927686631680e-04,7.386764883995056152e-02,5.820766091346740723e-11,9.999942183494567871e-01,-3.388321027159690857e-03,-7.386806607246398926e-02,3.379064146429300308e-03,9.972622394561767578e-01
5.274138641357421875e+01,9.968596100807189941e-01,8.278845343738794327e-04,7.918541133403778076e-02,0.000000000000000000e+00,9.999454021453857422e-01,-1.045444235205650330e-02,-7.918973267078399658e-02,1.042161136865615845e-02,9.968051314353942871e-01
5.275666046142578125e+01,9.963898658752441406e-01,1.346309785731136799e-03,8.488384634256362915e-02,1.164153218269348145e-10,9.998741745948791504e-01,-1.585861854255199432e-02,-8.489451557397842407e-02,1.580136828124523163e-02,9.962645769119262695e-01
5.279511642456054688e+01,9.953378438949584961e-01,1.241284888237714767e-03,9.644436836242675781e-02,-5.820766091346740723e-11,9.999174475669860840e-01,-1.286941114813089371e-02,-9.645235538482666016e-02,1.280940975993871689e-02,9.952554106712341309e-01
5.283356857299804688e+01,9.939384460449218750e-01,1.293901004828512669e-03,1.099316179752349854e-01,-1.164153218269348145e-10,9.999309182167053223e-01,-1.176923792809247971e-02,-1.099392324686050415e-01,1.169789675623178482e-02,9.938696622848510742e-01
5.284774780273437500e+01,9.935099482536315918e-01,1.274114008992910385e-03,1.137392297387123108e-01,-3.492459654808044434e-10,9.999374151229858398e-01,-1.120135746896266937e-02,-1.137463673949241638e-01,1.112865842878818512e-02,9.934476017951965332e-01
5.286322784423828125e+01,9.935644865036010742e-01,1.004477497190237045e-03,1.132673844695091248e-01,-1.164153218269348145e-10,9.999610781669616699e-01,-8.867848664522171021e-03,-1.132718399167060852e-01,8.810775354504585266e-03,9.935253858566284180e-01
5.290162277221679688e+01,9.939997792243957520e-01,3.241476952098309994e-05,1.093825846910476685e-01,-5.402398528531193733e-10,1.000000000000000000e+00,-2.963381703011691570e-04,-1.093825846910476685e-01,2.945599844679236412e-04,9.939997196197509766e-01
5.294005966186523438e+01,9.938293099403381348e-01,-5.485389847308397293e-04,1.109184697270393372e-01,2.037268131971359253e-10,9.999877214431762695e-01,4.945362918078899384e-03,-1.109198257327079773e-01,-4.914847202599048615e-03,9.938171505928039551e-01
5.295423507690429688e+01,9.937056303024291992e-01,-8.434501942247152328e-04,1.120221838355064392e-01,-6.693881005048751831e-10,9.999719262123107910e-01,7.529107853770256042e-03,-1.120253577828407288e-01,-7.481714710593223572e-03,9.936774373054504395e-01
5.296970367431640625e+01,9.934555888175964355e-01,-1.265633618459105492e-03,1.142138987779617310e-01,5.820766091346740723e-11,9.999387860298156738e-01,1.108057703822851181e-02,-1.142209172248840332e-01,-1.100805867463350296e-02,9.933945536613464355e-01
5.300814056396484375e+01,9.916731715202331543e-01,-3.500390099361538887e-03,1.287322938442230225e-01,-2.328306436538696289e-10,9.996305108070373535e-01,2.718118950724601746e-02,-1.287798881530761719e-01,-2.695485576987266541e-02,9.913067817687988281e-01
5.304653549194335938e+01,9.899853467941284180e-01,-3.160660155117511749e-03,1.411344707012176514e-01,-3.492459654808044434e-10,9.997493028640747070e-01,2.238905988633632660e-02,-1.411698460578918457e-01,-2.216484211385250092e-02,9.897372126579284668e-01
5.306088638305664062e+01,9.893404841423034668e-01,-2.786223543807864189e-03,1.455947309732437134e-01,0.000000000000000000e+00,9.998170137405395508e-01,1.913334242999553680e-02,-1.456213742494583130e-01,-1.892939023673534393e-02,9.891593456268310547e-01
5.307620239257812500e+01,9.886569976806640625e-01,-2.269077580422163010e-03,1.501736938953399658e-01,0.000000000000000000e+00,9.998858571052551270e-01,1.510796323418617249e-02,-1.501908302307128906e-01,-1.493659429252147675e-02,9.885441660881042480e-01
5.312515640258789062e+01,9.876540303230285645e-01,-4.433391615748405457e-03,1.565880775451660156e-01,-6.984919309616088867e-10,9.995993971824645996e-01,2.830110676586627960e-02,-1.566508114337921143e-01,-2.795170433819293976e-02,9.872583746910095215e-01
5.317411422729492188e+01,9.874021410942077637e-01,-1.137250219471752644e-03,1.582267284393310547e-01,0.000000000000000000e+00,9.999741315841674805e-01,7.187286391854286194e-03,-1.582308113574981689e-01,-7.096742279827594757e-03,9.873766303062438965e-01
5.318831253051757812e+01,9.877508878707885742e-01,-1.787262968719005585e-03,1.560306847095489502e-01,2.910383045673370361e-10,9.999346733093261719e-01,1.145380921661853790e-02,-1.560409069061279297e-01,-1.131350733339786530e-02,9.876860976219177246e-01
5.320363235473632812e+01,9.883454442024230957e-01,-2.338893711566925049e-03,1.522126793861389160e-01,1.164153218269348145e-10,9.998824000358581543e-01,1.536414586007595062e-02,-1.522306501865386963e-01,-1.518507674336433411e-02,9.882287979125976562e-01
5.324211120605468750e+01,9.901036620140075684e-01,-4.260147106833755970e-04,1.403365880250930786e-01,-2.764863893389701843e-10,9.999952912330627441e-01,3.035651985555887222e-03,-1.403372436761856079e-01,-3.005610313266515732e-03,9.900990724563598633e-01
5.328052902221679688e+01,9.911416769027709961e-01,6.375132943503558636e-04,1.328095346689224243e-01,5.820766091346740723e-10,9.999887943267822266e-01,-4.800156690180301666e-03,-1.328110545873641968e-01,4.757634364068508148e-03,9.911302924156188965e-01
5.329471588134765625e+01,9.911545515060424805e-01,1.018609851598739624e-03,1.327075660228729248e-01,-1.746229827404022217e-10,9.999703764915466309e-01,-7.675369735807180405e-03,-1.327114701271057129e-01,7.607479114085435867e-03,9.911253452301025391e-01
5.331024169921875000e+01,9.903154373168945312e-01,1.989208627492189407e-03,1.388217210769653320e-01,-1.164153218269348145e-10,9.998973608016967773e-01,-1.432776264846324921e-02,-1.388359665870666504e-01,1.418900303542613983e-02,9.902137517929077148e-01
5.334843444824218750e+01,9.897108078002929688e-01,6.491149542853236198e-04,1.430849730968475342e-01,4.947651177644729614e-10,9.999902844429016113e-01,-4.536528140306472778e-03,-1.430864334106445312e-01,4.489848390221595764e-03,9.897006154060363770e-01
5.338683319091796875e+01,9.904618263244628906e-01,2.402221085503697395e-03,1.377639919519424438e-01,0.000000000000000000e+00,9.998476505279541016e-01,-1.743456535041332245e-02,-1.377849429845809937e-01,1.726827584207057953e-02,9.903112649917602539e-01
5.340102767944335938e+01,9.906663298606872559e-01,2.878207247704267502e-03,1.362819075584411621e-01,0.000000000000000000e+00,9.997774362564086914e-01,-2.111480571329593658e-02,-1.363123059272766113e-01,2.091771923005580902e-02,9.904454350471496582e-01
5.341652297973632812e+01,9.910686612129211426e-01,3.358154091984033585e-03,1.333109885454177856e-01,-1.164153218269348145e-10,9.996829628944396973e-01,-2.518239058554172516e-02,-1.333532780408859253e-01,2.495747618377208710e-02,9.907543659210205078e-01
5.345498657226562500e+01,9.935280084609985352e-01,3.062720643356442451e-03,1.135442405939102173e-01,0.000000000000000000e+00,9.996362328529357910e-01,-2.696399763226509094e-02,-1.135855466127395630e-01,2.678949385881423950e-02,9.931668043136596680e-01
5.349333190917968750e+01,9.950291514396667480e-01,2.435458358377218246e-03,9.955748915672302246e-02,2.328306436538696289e-10,9.997012615203857422e-01,-2.445552311837673187e-02,-9.958727657794952393e-02,2.433395199477672577e-02,9.947315454483032227e-01
5.350769805908203125e+01,9.952613711357116699e-01,2.378799486905336380e-03,9.720917046070098877e-02,1.164153218269348145e-10,9.997009634971618652e-01,-2.446361444890499115e-02,-9.723827242851257324e-02,2.434768341481685638e-02,9.949635267257690430e-01
5.352315521240234375e+01,9.954170584678649902e-01,2.364407060667872429e-03,9.560059010982513428e-02,0.000000000000000000e+00,9.996944069862365723e-01,-2.472457848489284515e-02,-9.562982618808746338e-02,2.461126632988452911e-02,9.951127767562866211e-01
5.356160354614257812e+01,9.952796101570129395e-01,1.266540493816137314e-03,9.704429656267166138e-02,1.164153218269348145e-10,9.999152421951293945e-01,-1.305005047470331192e-02,-9.705256670713424683e-02,1.298844534903764725e-02,9.951948523521423340e-01
5.359982681274414062e+01,9.940907359123229980e-01,1.078008906915783882e-03,1.085476949810981750e-01,-3.492459654808044434e-10,9.999507665634155273e-01,-9.930708445608615875e-03,-1.085530444979667664e-01,9.872023947536945343e-03,9.940416812896728516e-01
5.361420440673828125e+01,9.935349225997924805e-01,9.343265555799007416e-04,1.135266721248626709e-01,1.455191522836685181e-10,9.999665617942810059e-01,-8.229742757976055145e-03,-1.135305166244506836e-01,8.176532573997974396e-03,9.935013055801391602e-01
5.362953186035156250e+01,9.929278492927551270e-01,5.427564028650522232e-04,1.187197491526603699e-01,8.731149137020111084e-11,9.999897480010986328e-01,-4.571698140352964401e-03,-1.187209859490394592e-01,4.539365414530038834e-03,9.929174780845642090e-01
5.366799545288085938e+01,9.926469922065734863e-01,-3.526194195728749037e-04,1.210461184382438660e-01,-5.820766091346740723e-11,9.999959468841552734e-01,2.913088072091341019e-03,-1.210466250777244568e-01,-2.891667652875185013e-03,9.926427602767944336e-01
5.370638656616210938e+01,9.947139620780944824e-01,-7.771073142066597939e-04,1.026862859725952148e-01,4.656612873077392578e-10,9.999718666076660156e-01,7.567561231553554535e-03,-1.026892215013504028e-01,-7.527555339038372040e-03,9.946854710578918457e-01
5.372069168090820312e+01,9.954025745391845703e-01,-8.309654658660292625e-04,9.577850997447967529e-02,1.164153218269348145e-10,9.999626278877258301e-01,8.675579912960529327e-03,-9.578211605548858643e-02,-8.635693229734897614e-03,9.953650832176208496e-01
5.373599624633789062e+01,9.959529042243957520e-01,-5.405985866673290730e-04,8.987700194120407104e-02,0.000000000000000000e+00,9.999820590019226074e-01,6.014763843268156052e-03,-8.987862616777420044e-02,-5.990420002490282059e-03,9.959349036216735840e-01
5.377446746826171875e+01,9.958706498146057129e-01,-2.753217995632439852e-05,9.078463166952133179e-02,-1.909938873723149300e-11,1.000000000000000000e+00,3.032693930435925722e-04,-9.078463166952133179e-02,-3.020170552190393209e-04,9.958705902099609375e-01
5.381287765502929688e+01,9.943764805793762207e-01,8.000849047675728798e-04,1.058978810906410217e-01,-4.074536263942718506e-10,9.999712705612182617e-01,-7.555029354989528656e-03,-1.059009060263633728e-01,7.512545213103294373e-03,9.943481087684631348e-01
5.382704544067382812e+01,9.937874674797058105e-01,1.256186747923493385e-03,1.112856343388557434e-01,-5.820766091346740723e-11,9.999361038208007812e-01,-1.128722913563251495e-02,-1.112927272915840149e-01,1.121710985898971558e-02,9.937241673469543457e-01
5.384238433837890625e+01,9.933577179908752441e-01,1.564397360198199749e-03,1.150563284754753113e-01,-1.164153218269348145e-10,9.999076128005981445e-01,-1.359553728252649307e-02,-1.150669679045677185e-01,1.350523252040147781e-02,9.932659268379211426e-01
5.384318161010742188e+01,9.933357238769531250e-01,1.580314012244343758e-03,1.152456402778625488e-01,5.820766091346740723e-11,9.999059438705444336e-01,-1.371128298342227936e-02,-1.152564734220504761e-01,1.361990720033645630e-02,9.932423233985900879e-01
5.384388351440429688e+01,9.933163523674011230e-01,1.594342291355133057e-03,1.154121235013008118e-01,0.000000000000000000e+00,9.999045729637145996e-01,-1.381302159279584885e-02,-1.154231354594230652e-01,1.372070144861936569e-02,9.932215809822082520e-01
5.384457778930664062e+01,9.932973384857177734e-01,1.608197810128331184e-03,1.155762225389480591e-01,-5.820766091346740723e-11,9.999032616615295410e-01,-1.391326077282428741e-02,-1.155874133110046387e-01,1.382000371813774109e-02,9.932011961936950684e-01
5.384523010253906250e+01,9.932793378829956055e-01,1.621240167878568172e-03,1.157303899526596069e-01,0.000000000000000000e+00,9.999018907546997070e-01,-1.400739327073097229e-02,-1.157417446374893188e-01,1.391325518488883972e-02,9.931819438934326172e-01
5.384590148925781250e+01,9.932609200477600098e-01,1.634608488529920578e-03,1.158881112933158875e-01,0.000000000000000000e+00,9.999005198478698730e-01,-1.410365477204322815e-02,-1.158996447920799255e-01,1.400860957801342010e-02,9.931621551513671875e-01
5.384656524658203125e+01,9.932429790496826172e-01,1.647923374548554420e-03,1.160449236631393433e-01,0.000000000000000000e+00,9.998995661735534668e-01,-1.419930811971426010e-02,-1.160566210746765137e-01,1.410335768014192581e-02,9.931428432464599609e-01
5.384724044799804688e+01,9.932239651679992676e-01,1.661383663304150105e-03,1.162030994892120361e-01,1.164153218269348145e-10,9.998976588249206543e-01,-1.429577823728322983e-02,-1.162149757146835327e-01,1.419891137629747391e-02,9.931224584579467773e-01
5.388557815551757812e+01,9.944269061088562012e-01,5.747482646256685257e-04,1.054305806756019592e-01,1.105945557355880737e-09,9.999855160713195801e-01,-5.451368633657693863e-03,-1.054321452975273132e-01,5.420985165983438492e-03,9.944121241569519043e-01
5.388633346557617188e+01,9.944472312927246094e-01,5.569630302488803864e-04,1.052350625395774841e-01,2.910383045673370361e-11,9.999860525131225586e-01,-5.292487796396017075e-03,-1.052365377545356750e-01,5.263099912554025650e-03,9.944333434104919434e-01
5.388699722290039062e+01,9.944657087326049805e-01,5.414336919784545898e-04,1.050636544823646545e-01,2.910383045673370361e-11,9.999870657920837402e-01,-5.153320264071226120e-03,-1.050650551915168762e-01,5.124798510223627090e-03,9.944525361061096191e-01
5.388766098022460938e+01,9.944838285446166992e-01,5.259634344838559628e-04,1.048921868205070496e-01,0.000000000000000000e+00,9.999878406524658203e-01,-5.014262627810239792e-03,-1.048934981226921082e-01,4.986601416021585464e-03,9.944713711738586426e-01
5.392591857910156250e+01,9.945828914642333984e-01,7.856810698285698891e-04,1.039424464106559753e-01,-2.910383045673370361e-11,9.999713301658630371e-01,-7.558592129498720169e-03,-1.039454117417335510e-01,7.517647463828325272e-03,9.945544600486755371e-01
5.394011306762695312e+01,9.946004748344421387e-01,8.999441051855683327e-04,1.037785708904266357e-01,2.037268131971359253e-10,9.999628663063049316e-01,-8.671449497342109680e-03,-1.037824749946594238e-01,8.624624460935592651e-03,9.945631027221679688e-01
5.396619033813476562e+01,9.941892027854919434e-01,1.694468315690755844e-03,1.076359227299690247e-01,5.820766091346740723e-11,9.998763203620910645e-01,-1.574064418673515320e-02,-1.076492592692375183e-01,1.564917340874671936e-02,9.940659999847412109e-01
5.400462341308593750e+01,9.936086535453796387e-01,1.449674367904663086e-03,1.128705218434333801e-01,2.910383045673370361e-10,9.999175667762756348e-01,-1.284263655543327332e-02,-1.128798350691795349e-01,1.276055537164211273e-02,9.935266971588134766e-01
5.404301071166992188e+01,9.938867092132568359e-01,1.378426211886107922e-03,1.103985086083412170e-01,9.313225746154785156e-10,9.999222755432128906e-01,-1.248495094478130341e-02,-1.104071065783500671e-01,1.240862347185611725e-02,9.938092231750488281e-01
5.405742645263671875e+01,9.939131140708923340e-01,1.543950289487838745e-03,1.101558059453964233e-01,-5.820766091346740723e-11,9.999017715454101562e-01,-1.401468086987733841e-02,-1.101666241884231567e-01,1.392937544733285904e-02,9.938154816627502441e-01
5.407273101806640625e+01,9.938220977783203125e-01,1.618326408788561821e-03,1.109736934304237366e-01,1.746229827404022217e-10,9.998937845230102539e-01,-1.458142511546611786e-02,-1.109854951500892639e-01,1.449134200811386108e-02,9.937164783477783203e-01
5.411124038696289062e+01,9.941599965095520020e-01,1.239120494574308395e-03,1.079071462154388428e-01,-1.222360879182815552e-09,9.999338388442993164e-01,-1.148243993520736694e-02,-1.079142540693283081e-01,1.141538470983505249e-02,9.940944314002990723e-01
5.414957809448242188e+01,9.938268661499023438e-01,1.053171814419329166e-03,1.109388545155525208e-01,-1.164153218269348145e-10,9.999551177024841309e-01,-9.492835961282253265e-03,-1.109438464045524597e-01,9.434233419597148895e-03,9.937820434570312500e-01
5.416392517089843750e+01,9.934867024421691895e-01,1.026503276079893112e-03,1.139435693621635437e-01,1.164153218269348145e-10,9.999594092369079590e-01,-9.008509106934070587e-03,-1.139481887221336365e-01,8.949833922088146210e-03,9.934463500976562500e-01
5.418974685668945312e+01,9.926922917366027832e-01,9.936190908774733543e-04,1.206701025366783142e-01,-1.164153218269348145e-10,9.999662041664123535e-01,-8.233898319303989410e-03,-1.206742003560066223e-01,8.173725567758083344e-03,9.926586151123046875e-01
5.422833633422851562e+01,9.918267130851745605e-01,1.410527853295207024e-03,1.275854706764221191e-01,-7.566995918750762939e-10,9.999390244483947754e-01,-1.105487160384654999e-02,-1.275932788848876953e-01,1.096451468765735626e-02,9.917660951614379883e-01
5.426675033569335938e+01,9.932519793510437012e-01,1.564454287290573120e-03,1.159658059477806091e-01,-5.820766091346740723e-10,9.999090433120727539e-01,-1.348941959440708160e-02,-1.159763559699058533e-01,1.339839212596416473e-02,9.931616187095642090e-01
5.428093338012695312e+01,9.939959049224853516e-01,1.792205031961202621e-03,1.094045117497444153e-01,1.164153218269348145e-10,9.998660683631896973e-01,-1.637925952672958374e-02,-1.094191893935203552e-01,1.628091186285018921e-02,9.938625693321228027e-01
5.429636764526367188e+01,9.947899580001831055e-01,2.054968383163213730e-03,1.019237861037254333e-01,0.000000000000000000e+00,9.997966885566711426e-01,-2.015771530568599701e-02,-1.019444987177848816e-01,2.005269564688205719e-02,9.945878386497497559e-01
5.433477020263671875e+01,9.958763122558593750e-01,2.169406041502952576e-03,9.069593995809555054e-02,-1.164153218269348145e-10,9.997140765190124512e-01,-2.391270920634269714e-02,-9.072188287973403931e-02,2.381410077214241028e-02,9.955915212631225586e-01
5.437316513061523438e+01,9.953101277351379395e-01,3.049062332138419151e-03,9.668713063001632690e-02,-2.328306436538696289e-10,9.995030760765075684e-01,-3.151967748999595642e-02,-9.673520177602767944e-02,3.137185797095298767e-02,9.948155879974365234e-01
5.438732910156250000e+01,9.950261712074279785e-01,3.286937251687049866e-03,9.955994784832000732e-02,-1.164153218269348145e-10,9.994555115699768066e-01,-3.299667313694953918e-02,-9.961418807506561279e-02,3.283255174756050110e-02,9.944843649864196777e-01
5.440282821655273438e+01,9.947012066841125488e-01,3.722205758094787598e-03,1.027377322316169739e-01,-1.164153218269348145e-10,9.993440508842468262e-01,-3.620640933513641357e-02,-1.028051450848579407e-01,3.601457178592681885e-02,9.940490126609802246e-01
5.444122314453125000e+01,9.954943060874938965e-01,1.174164749681949615e-02,9.408898651599884033e-02,-7.759864907711744308e-03,9.990629553794860840e-01,-4.257399961352348328e-02,-9.450073540210723877e-02,4.165206477046012878e-02,9.946528673171997070e-01
5.447964096069335938e+01,9.947634935379028320e-01,2.204400673508644104e-02,9.980029612779617310e-02,-1.777028664946556091e-02,9.988951086997985840e-01,-4.351106286048889160e-02,-1.006491705775260925e-01,4.150972515344619751e-02,9.940559267997741699e-01
5.449395370483398438e+01,9.944434762001037598e-01,2.533538639545440674e-02,1.021783500909805298e-01,-2.100602537393569946e-02,9.988445043563842773e-01,-4.322644695639610291e-02,-1.031554341316223145e-01,4.083989188075065613e-02,9.938265085220336914e-01
5.450944519042968750e+01,9.941800832748413086e-01,2.961932495236396790e-02,1.035783737897872925e-01,-2.508171647787094116e-02,9.986791610717773438e-01,-4.484005644917488098e-02,-1.047697067260742188e-01,4.198117181658744812e-02,9.936099052429199219e-01
5.451020050048828125e+01,9.941667914390563965e-01,2.982814423739910126e-02,1.036464199423789978e-01,-2.528028003871440887e-02,9.986706972122192383e-01,-4.491884633898735046e-02,-1.048484966158866882e-01,4.203661903738975525e-02,9.935993552207946777e-01
